00000000	-0.02862898	-0.05060006	0.13693085	-1.37915635	-3.46885991	-9.41924286	0.55753124	-0.54506838	-0.10472461
00000001	0.08843914	0.02008467	0.02130529	-1.56607938	-3.45208478	-9.34375477	0.54862499	-0.52898437	-0.11674219
00000002	-0.13881727	0.01542414	0.21194322	-1.51575398	-3.53835702	-9.41325188	0.56109375	-0.54149413	-0.11159180
00000003	0.12816462	0.06591323	-0.02907284	-1.67871249	-3.41254330	-9.38569260	0.56287503	-0.55757815	-0.09614062
00000004	0.04727111	0.17499186	0.07667685	-1.68829834	-4.33996916	-9.68884277	0.56821877	-0.53791994	-0.11159180
00000005	0.83634353	0.17022038	-0.10042336	-0.16056208	-6.57106304	-11.43705273	0.55753124	-0.53077149	-0.10472461
00000006	2.42092419	1.21983874	-1.71640730	-0.89147902	-4.08834219	-8.54214287	0.59671873	-0.56651366	-0.14936133
00000007	2.86101174	1.71119189	-1.63795495	-0.64823943	-7.70338535	-9.86977482	0.61809373	-0.56293947	-0.19399805
00000008	2.84436679	1.78964412	-2.35534406	0.29356501	-5.68797159	-6.58304548	0.68578124	-0.56293947	-0.27983791
00000009	3.06330085	2.54986572	-3.69724417	3.19686294	-7.44097424	-9.36052990	0.72318751	-0.52541018	-0.33992580
00000010	3.30287433	3.51326418	-3.52447152	2.65886021	-7.11625528	-5.18471718	0.80156249	-0.45392579	-0.46010157
00000011	3.17004919	3.55077028	-3.26903009	6.24634409	-6.20560455	-3.87505794	0.79621875	-0.36993164	-0.54765821
00000012	2.63541961	3.83506274	-2.55519199	8.78298569	-3.69172955	0.37744072	0.76593751	-0.25019532	-0.64551562
00000013	2.59203243	2.17879868	-2.36000443	6.09177351	-4.35914087	2.03578329	0.68578124	-0.19122070	-0.71590430
00000014	1.96263862	2.65605927	-1.37363625	8.62841415	-2.81223297	1.90158224	0.63412499	-0.08220703	-0.76912498
00000015	1.79430473	1.77188981	-1.51289737	9.95365047	-1.09038424	4.40347481	0.57712501	-0.03574219	-0.75539064
00000016	2.42802596	2.02766418	-2.20298886	6.13011646	-1.67272139	4.67547178	0.54328126	0.01250977	-0.74680662
00000017	2.87499332	1.15869701	-2.69556284	7.87233496	1.25454104	5.28896284	0.42928126	0.09829102	-0.74680662
00000018	2.49116516	1.72029102	-4.42339945	4.85161114	5.07208443	7.32594442	0.32953125	0.12331055	-0.69186914
00000019	0.36596271	2.06317306	-1.83525085	5.79940653	5.60169935	6.27030897	0.26540625	0.18407227	-0.67813480
00000020	0.50566769	2.41426635	-2.06683493	3.25677419	5.90844488	7.69379950	0.16031250	0.16798829	-0.62834764
00000021	0.23280466	2.89896178	-0.87684578	2.38326859	6.34819317	7.44337034	0.11043750	0.13582031	-0.60431248
00000022	0.31580651	4.16984415	-1.03031039	-0.14498517	8.12276363	9.50431633	0.02493750	0.15369141	-0.52877343
00000023	-0.47825933	1.72295415	1.90859866	-0.39541408	8.61882877	9.17240810	-0.00356250	0.13939454	-0.48757032
00000024	-0.34820831	2.13751960	1.44587445	-3.17888951	5.30813456	9.06816292	0.04275000	0.15369141	-0.49443752
00000025	-2.08470011	0.19485462	3.26015282	-0.73331338	10.09264469	8.47024918	0.10331250	0.18228516	-0.45666796
00000026	-2.95755124	0.49457118	5.65999365	2.84338665	8.57209778	7.11026430	0.16743751	0.21445313	-0.52190626
00000027	-1.79264021	0.52730584	2.63641834	-2.84698129	-2.54862356	3.75283909	0.29746875	0.23768555	-0.59916210
00000028	-3.76903844	0.27619198	3.92572117	4.49454021	8.09520435	11.24653530	0.31884375	0.24483399	-0.62663084
00000029	-0.13892823	-0.56004053	1.27221417	-1.27970374	0.49965960	10.20288181	0.41681251	0.16441406	-0.65925002
00000030	-4.35371351	-0.80360883	3.73286390	2.31377149	2.30897856	8.98548508	0.43640625	0.15905273	-0.69530272
00000031	-4.41929388	-1.34911299	3.57762384	3.26276517	-0.75368321	8.52656555	0.54150003	0.05003906	-0.73135549
00000032	-2.77434802	-0.39026403	1.99681592	1.20781028	-2.43359399	8.14552975	0.57534373	-0.01608398	-0.78457618
00000033	-4.13233805	-0.19385593	3.15162897	0.15816563	-6.89218712	5.94199514	0.59493750	-0.13939454	-0.77255863
00000034	-2.75748134	-0.50122911	1.81538808	-0.06710057	-8.91479015	5.28536844	0.58603126	-0.23053712	-0.78114259
00000035	-3.07783723	-0.15978965	2.01656771	0.40020698	-6.95449495	4.69823837	0.61631250	-0.31095704	-0.74165624
00000036	-2.56872964	-0.35209209	1.25323915	0.17374255	-8.30010128	3.81035399	0.62521875	-0.37708008	-0.74680662
00000037	-3.73119950	-0.29527798	1.71252346	-1.31085753	-6.86103344	3.38618231	0.60740626	-0.43426758	-0.67470115
00000038	-3.38931608	-0.30792800	0.68975872	-5.53939199	-12.88091373	-2.63609385	0.57890624	-0.50932616	-0.64379883
00000039	-3.92272520	-1.04251659	-0.55038661	-2.69480681	-7.28640318	-0.92742574	0.58425003	-0.57544923	-0.55967581
00000040	-4.28902054	-1.58036411	0.01564607	-1.11315060	-9.25508595	-5.01696587	0.62878126	-0.58795899	-0.48241994
00000041	-2.85435367	0.65513760	-1.74658978	-2.82301688	-9.99558830	-4.88156652	0.63768750	-0.58617187	-0.36052734
00000042	-4.17849970	-1.32691991	-2.97730303	0.22286975	-3.68813491	-6.18523502	0.70537502	-0.54685545	-0.29185548
00000043	-4.86315393	1.08690262	-2.13574409	0.64224833	-6.22477627	-8.73865128	0.74456251	-0.48966798	-0.17854688
00000044	-3.80942988	0.52331114	-3.55587482	1.52893448	-3.19207001	-9.53547096	0.78196877	-0.41639650	-0.18713087
00000045	-2.85879230	2.63120294	-4.16884565	5.12240982	-1.65714443	-12.35369492	0.82115626	-0.30916992	-0.14936133
00000046	-2.80042481	2.41237998	-3.41694641	6.78913975	1.42948186	-9.23831081	0.86746877	-0.19122070	-0.19056445
00000047	-2.69800401	3.32162762	-2.61844206	4.91032410	1.77217400	-7.64347410	0.89953125	-0.11616211	-0.28327149
00000048	-2.95144820	3.48685455	-1.15059650	8.01013088	3.12736583	-7.49369574	0.86212498	-0.07148437	-0.36052734
00000049	-3.09692335	4.58596325	-0.80715972	9.33177280	6.28348923	-4.20097494	0.83362502	-0.05003906	-0.50473827
00000050	-3.11678600	4.30533266	-0.34432453	7.52245331	6.44884443	-3.44968820	0.79978126	-0.02680664	-0.60602933
00000051	-3.64098501	4.21245480	-0.18986118	8.32047081	6.76637363	-0.32112417	0.69646877	-0.05540039	-0.69186914
00000052	-2.85601830	4.01249599	1.24358523	9.68644714	4.68985081	-0.06949702	0.66262501	-0.12509766	-0.75539064
00000053	-3.36168599	4.43216562	2.44211864	6.50156593	7.11985016	3.49282432	0.50765628	-0.18764649	-0.82577932
00000054	-2.86545014	3.85481453	1.59179354	5.46869659	3.93377090	8.12755680	0.42750001	-0.27164063	-0.83779687
00000055	-2.45820856	3.57673621	3.31508064	3.92538333	1.79014742	7.52365160	0.32418752	-0.35384765	-0.81032813
00000056	-2.55297279	2.81274176	2.75160003	4.71860790	-0.32112417	7.13063383	0.21731250	-0.37886718	-0.79316014
00000057	-1.56349742	2.31506371	4.79124832	3.85229182	0.19411236	10.19808865	0.08906250	-0.34312502	-0.74165624
00000058	-0.92356205	2.17879868	6.51875210	0.62427497	-1.95550239	8.87165451	0.03918750	-0.30380860	-0.71418750
00000059	-0.17943047	0.87806636	6.34975243	-0.60031044	-0.78843170	10.01595879	-0.04987500	-0.16083984	-0.66611719
00000060	2.30219173	-0.63871479	6.14036131	-2.03937817	-0.70815068	9.46836948	-0.02315625	-0.05897461	-0.66783398
00000061	2.55352759	-1.61265492	4.46112728	-2.55341649	2.24307632	10.80319214	0.03918750	0.06791016	-0.66611719
00000062	-0.58212262	-2.98029900	4.45080757	-2.48511767	5.22186232	13.05225945	0.15140626	0.15905273	-0.66440040
00000063	-3.10180569	-2.49737930	5.16176081	-0.58593178	1.25813568	8.86326694	0.20662500	0.16441406	-0.70045310
00000064	-3.52757859	-3.18347597	3.92993784	0.87829858	-1.69189298	9.14724541	0.40078124	0.09829102	-0.75024027
00000065	-4.27437353	-3.24184370	4.29678822	4.01764679	-3.47245455	8.02211285	0.50409377	0.04467773	-0.77427542
00000066	-4.81133318	-2.17857671	4.38278627	0.94060624	-3.68693686	5.96955442	0.63412499	-0.07863282	-0.78972656
00000067	-5.20093155	-2.51768589	3.30209756	3.31908178	-5.14517593	3.62462902	0.66618752	-0.21802734	-0.75539064
00000068	-5.11604309	-2.06750059	3.49783993	-3.49881554	-10.46049976	-1.35998476	0.67509377	-0.41282228	-0.65066600
00000069	-4.42217875	-2.51946115	1.68555892	3.70970297	-6.76397705	-0.89147902	0.69290626	-0.47000977	-0.58886135
00000070	-3.69924164	-1.15603375	0.22426035	-2.34492540	-7.97658062	-2.60134530	0.70359373	-0.51647460	-0.46181837
00000071	-4.59262085	-1.40981078	0.93832040	-1.95789886	-8.08082581	-6.97246838	0.72496873	-0.56293947	-0.37597853
00000072	-5.19050074	-0.51321334	-1.25190759	-2.61212945	-4.64911079	-6.21519041	0.70181251	-0.58259767	-0.25751954
00000073	-3.94225502	-0.51543260	-1.07292092	1.27011800	-7.82200956	-10.62465668	0.70181251	-0.52183592	-0.15794532
00000074	-3.03911042	0.58855855	-0.53229928	-0.24204135	-3.45687771	-8.77579594	0.71962500	-0.46464846	-0.12017578
00000075	-2.09646249	0.00887720	-1.11286843	-0.68538439	-4.32319403	-10.32989311	0.72853124	-0.44856447	-0.07725586
00000076	-2.75226593	0.28895298	-0.40258116	0.18093190	-0.63266253	-10.19329548	0.74278128	-0.36635742	-0.07038867
00000077	-1.46296310	1.76456606	-1.52088690	1.30846119	-3.27954054	-11.78693390	0.75346875	-0.31274414	-0.06008789
00000078	-0.78907239	2.82250667	-1.89428425	4.59279442	-2.11486626	-11.11233425	0.77128124	-0.25555664	-0.07382227
00000079	-0.16689143	4.71479368	-0.94919497	5.09964323	-0.87470388	-10.61746693	0.82293749	-0.23589844	-0.12360938
00000080	-0.07001894	5.11704206	-0.38527063	5.40279436	-1.65834272	-12.04095745	0.88349998	-0.21802734	-0.24378516
00000081	-0.03129214	4.97744799	-0.58445287	7.47332621	0.28877211	-7.86394739	0.89775002	-0.21087891	-0.33305860
00000082	-0.67466742	5.60051632	1.02698147	8.38158035	0.09585796	-7.54881430	0.87993753	-0.21802734	-0.48070312
00000083	-1.04906344	5.94350958	0.12583436	9.34615135	0.30674547	-4.01405191	0.85143751	-0.20730469	-0.59401172
00000084	-0.58079100	5.01983643	1.36575770	9.62054443	-0.18572479	-1.00531030	0.72675002	-0.21802734	-0.70045310
00000085	-0.44940841	5.85573626	0.13559929	7.22409534	-0.51763296	0.59431934	0.65906250	-0.25019532	-0.75882423
00000086	-0.84699613	4.81188822	0.97327435	10.16933155	-0.58233708	2.71038389	0.49696875	-0.26627931	-0.82234573
00000087	-0.15668264	5.18251133	0.27585909	5.70235014	-0.53081346	6.05822325	0.37406251	-0.24304688	-0.84123045
00000088	-0.49434924	4.57109404	1.80140650	4.89115238	-1.57806170	6.81310463	0.23156250	-0.25019532	-0.82749611
00000089	0.40191537	4.39854336	0.61064065	2.39525080	-1.74701130	8.05925751	0.14962500	-0.24662110	-0.82406253
00000090	0.25932530	3.71144772	1.06149161	0.58713001	-1.12273633	8.99866581	0.00178125	-0.21266602	-0.72963870
00000091	0.35475522	3.94014668	1.07391965	-0.72492582	-0.56556195	9.20116615	-0.03562500	-0.22875001	-0.67298436
00000092	-0.07301500	2.44478178	2.47174621	-2.88053179	-0.92982221	7.74172831	-0.10509375	-0.17334960	-0.58886135
00000093	0.75744736	2.45521259	2.79276824	-4.65510225	0.45891997	8.70629883	-0.11756250	-0.12867187	-0.53907424
00000094	0.55282784	1.93190134	3.22641945	-4.61316442	1.09278071	7.14501286	-0.09796875	-0.05182617	-0.50645506
00000095	0.65813363	1.69732130	3.48596668	-5.72990942	3.69652247	10.22085476	-0.10331250	0.03931641	-0.44293359
00000096	1.10177183	-0.26032397	4.42617369	-7.04316378	2.98957014	6.94011641	-0.00534375	0.11973633	-0.42404884
00000097	-1.31338227	-0.53940105	5.25097656	-4.25729179	8.66316319	8.81294155	0.00712500	0.16441406	-0.44293359
00000098	-0.71605742	-0.99236035	4.25706291	-3.72767639	2.37488103	6.32303047	0.12646875	0.22338867	-0.45151758
00000099	-1.93922508	0.30515385	4.18249416	-1.38994038	6.46921396	7.79205370	0.22621875	0.26985353	-0.47555274
00000100	-1.90826583	-0.50555670	4.73554420	-1.29528069	6.94251251	8.73745346	0.31171876	0.25198242	-0.50988865
00000101	-3.05852938	-0.06502552	6.07788801	-0.01318047	8.61882877	7.90708351	0.47025001	0.24662110	-0.53220701
00000102	-3.92505550	0.14802736	4.01371670	1.44745517	2.01181889	8.87165451	0.55396873	0.18764649	-0.59572852
00000103	-4.95203686	0.35764033	4.11580420	0.05392010	1.66073918	10.05789661	0.63768750	0.08578125	-0.64894921
00000104	-4.44747877	-0.40213731	3.54577684	1.18863869	-2.11846089	7.56439114	0.69646877	-0.04110352	-0.71247071
00000105	-4.42295551	0.80882418	4.23975229	0.81479263	-2.29699636	7.05634403	0.73031253	-0.18585938	-0.71075392
00000106	-4.94937372	-0.72937322	3.20921993	-3.08782458	-2.77628613	6.85144758	0.69112504	-0.30380860	-0.71418750
00000107	-6.42520857	-0.48447338	3.81397939	-5.08167028	-5.88567877	2.69840145	0.65728128	-0.47715822	-0.63006449
00000108	-5.50264549	-0.22281779	2.89463401	-5.14277935	-4.56643343	1.49178946	0.65193748	-0.54328126	-0.55967581
00000109	-4.56698799	0.24001738	-0.03240179	-5.09724712	-9.75115108	-3.64979172	0.58246875	-0.62012696	-0.41718164
00000110	-4.38045597	0.91734797	0.64104503	-5.08526468	-10.29514503	-5.69635916	0.59493750	-0.64693362	-0.30558985
00000111	-5.26806545	0.79317808	-1.12074685	-5.27458429	-3.25198126	-3.68933320	0.56465626	-0.59868163	-0.19399805
00000112	-6.21282148	0.90447605	-0.33844337	-0.25282538	-5.51542711	-8.15751266	0.61453128	-0.57366210	-0.12875977
00000113	-5.78172255	1.28031468	-0.23935159	-5.71433258	-2.50668573	-10.31551456	0.60918748	-0.43962890	-0.02403516
00000114	-4.31853724	0.86020100	-1.53786445	1.08079851	-3.12856412	-12.21350193	0.63056248	-0.38244140	0.00343359
00000115	-3.04432583	3.00804043	0.33289513	-3.98649287	-3.57310534	-12.33092785	0.66084373	-0.25913087	0.01201758
00000116	-2.28055358	3.15151811	-0.71417099	4.85041285	3.01593113	-10.10342884	0.71071875	-0.21981445	-0.01545117
00000117	-1.97795188	4.18571234	-0.02707547	-0.33909753	0.56676018	-10.59110641	0.79621875	-0.15905273	-0.06352148
00000118	-1.98949218	4.16762495	-0.85087991	4.74856377	3.70251369	-8.21622562	0.83718753	-0.13582031	-0.14764453
00000119	-2.26956797	4.38822365	1.46085477	6.04983568	2.18795800	-10.39819241	0.88171875	-0.13403320	-0.24550195
00000120	-1.83580565	5.00041771	1.33857131	7.08150673	5.26499844	-6.76277924	0.89062500	-0.14296874	-0.32275781
00000121	-1.77932441	4.74342251	2.91616130	10.02913857	4.15304613	-8.02570724	0.87815624	-0.21266602	-0.46525195
00000122	-1.55595183	5.37370396	2.44400501	9.05498219	5.87968779	-1.77576864	0.83184373	-0.23053712	-0.54765821
00000123	-1.51689208	4.47877073	3.33771753	7.67702436	1.68110895	-0.02755916	0.74456251	-0.31453127	-0.64894921
00000124	-0.25466478	3.55676246	2.76413918	9.36412430	-0.77285480	1.98306155	0.64303124	-0.36278319	-0.70216995
00000125	-0.52797168	3.74074244	3.52824450	7.72375488	1.16946709	5.11641836	0.50587499	-0.40388674	-0.76912498
00000126	0.03051539	3.52990890	3.30276346	7.13782310	-1.95190775	4.96184778	0.43640625	-0.43426758	-0.77427542
00000127	0.50400323	3.33893800	3.14341760	5.19310474	-2.58097553	5.01696587	0.29212502	-0.40746093	-0.76912498
00000128	1.35466123	1.43511081	4.77049828	4.79409599	-1.82849061	7.71656561	0.20662500	-0.38244140	-0.78629297
00000129	2.22262979	-0.26809153	4.74475431	1.09158254	-5.08406639	7.96699476	0.10865625	-0.29844728	-0.78800976
00000130	4.25195837	-0.40391275	4.01482630	3.88823843	-0.92383111	7.06113672	0.11934375	-0.17692383	-0.79144335
00000131	2.15161204	-0.03029346	4.57542133	1.10596120	-1.59363854	10.90024853	0.14250000	-0.03574219	-0.78972656
00000132	2.23916364	-0.34299293	0.71161878	-1.28928959	-0.78244060	10.56474495	0.18346874	0.02680664	-0.76397461
00000133	0.21005683	-1.27199221	2.21319771	5.43514633	2.29100513	10.95297050	0.19949999	0.09650391	-0.74852347
00000134	2.19555426	-0.09199002	3.90053225	-0.44094661	1.77217400	10.62705326	0.25471875	0.10901367	-0.73307228
00000135	-1.24314129	-2.18334818	2.17535853	5.41837120	0.54519212	7.92026377	0.33843750	0.17513672	-0.71075392
00000136	0.58001429	-2.04608440	4.40176105	2.75232172	2.54742527	10.38860607	0.43996876	0.16620117	-0.71933788
00000137	-0.80138952	-0.90747207	5.38047266	3.26516175	-0.24323957	10.00397587	0.56821877	0.14118165	-0.67813480
00000138	-0.67233717	-1.73571515	5.09318447	4.98940659	-3.58149290	7.88311911	0.64481252	0.06433593	-0.66611719
00000139	0.38782281	-0.98425990	4.87602568	4.75695133	-1.11315060	9.41804409	0.74634373	-0.00178711	-0.64379883
00000140	0.21516122	-0.36341050	5.50763893	4.24171448	-3.48323870	7.48051548	0.79087502	-0.13224609	-0.64551562
00000141	-0.37461796	-0.85709399	5.18350983	2.63968849	-3.43411136	7.69739389	0.80156249	-0.19658203	-0.60431248
00000142	0.45307025	-0.36918068	3.94070148	0.61109447	-3.61504340	9.31260109	0.84253126	-0.30559570	-0.59916210
00000143	0.21982175	0.14259008	4.15209007	1.62239599	-4.62514639	7.55720186	0.78553128	-0.34848633	-0.58542776
00000144	1.07358682	0.39148465	5.10084105	1.91236627	-2.63849044	7.11865187	0.74634373	-0.39495116	-0.59229493
00000145	0.75711447	0.86486155	5.39800549	-2.06693721	-2.66604948	8.05326653	0.70003128	-0.48788086	-0.59229493
00000146	0.49712339	0.73026091	4.19525528	-3.33106399	-3.38857889	8.22461319	0.60384375	-0.53791994	-0.61633009
00000147	0.75167716	0.48458433	2.78333616	-3.19925928	-1.60921550	7.73094463	0.47737500	-0.55042970	-0.64551562
00000148	0.25133583	0.79828250	3.34337664	-5.84493923	-1.63797283	8.70629883	0.39365625	-0.55221683	-0.67126757
00000149	1.12884736	0.30104816	0.95330065	-3.26516175	0.89866835	7.66024923	0.33131251	-0.51111329	-0.71075392
00000150	0.03795004	0.61019677	3.09015441	-6.23436213	1.26532507	8.58048534	0.32953125	-0.52004886	-0.69530272
00000151	1.07281005	-0.08699659	2.38297415	-6.42128515	1.77457047	8.30129910	0.26896876	-0.45928711	-0.71590430
00000152	0.66401482	0.20384277	2.77201772	-4.16263199	4.12309027	8.68592930	0.21375000	-0.43962890	-0.73822266
00000153	0.79484260	-0.18520065	0.41745049	-5.77064896	2.88053179	8.47863674	0.17812501	-0.42890626	-0.74508983
00000154	-1.18488467	-0.84033823	-0.78873950	-4.17701054	3.30590129	7.97777843	0.21731250	-0.41818359	-0.75195706
00000155	-0.99413580	-0.65547049	-0.80360883	-6.53511620	1.92075384	9.12687588	0.20306250	-0.40031251	-0.75539064
00000156	-1.74503624	-1.35543799	-5.68995428	-4.95825291	2.49829817	8.55652142	0.28678125	-0.44141603	-0.74337304
00000157	-1.64461291	-0.30604157	-6.30669785	-5.19550133	-0.96696717	9.11609173	0.36337501	-0.53613281	-0.70045310
00000158	-1.04418099	-0.31214467	-7.20129824	-4.94507265	-3.15851974	8.52896214	0.52190626	-0.51290041	-0.67813480
00000159	-0.47382072	-0.42355356	-6.95306921	-0.75368321	-1.46902323	8.60684681	0.62878126	-0.46643555	-0.64379883
00000160	0.06191849	0.71117496	-7.10653400	-0.38103539	-4.01525021	7.99814844	0.77306253	-0.34312502	-0.63178128
00000161	1.18743694	0.03628557	-6.04937029	1.76738107	-2.25625682	8.58527851	0.78375000	-0.26091796	-0.61804688
00000162	0.26809153	0.95441031	-7.09000015	1.11794341	-5.23264647	6.62737989	0.79621875	-0.09829102	-0.65409964
00000163	1.69665551	1.86376882	-6.72470331	2.70918560	0.21807685	10.07467175	0.69468749	0.01072266	-0.65925002
00000164	0.51609838	1.55284476	-6.50554752	2.44198155	1.27970374	8.90280819	0.54506248	0.15011719	-0.67298436
00000165	-1.23726022	4.33484936	-7.20218611	0.68178976	0.44573951	9.10171318	0.39899999	0.15726563	-0.68328518
00000166	-0.52275628	2.51435685	-4.83774281	-1.65834272	2.05495501	12.86773300	0.16921875	0.15547852	-0.66440040
00000167	-0.54506028	2.57017231	-3.25682402	-2.09569454	-0.46610934	8.84289646	0.08550000	0.07863282	-0.70388675
00000168	0.44119701	3.81020665	-5.50974703	-4.69344521	-0.68658262	8.65357685	-0.00890625	0.04110352	-0.64036524
00000169	1.24036717	0.50145102	-2.73417854	-3.45448112	-1.04365349	7.51047134	-0.08906250	-0.05003906	-0.57684374
00000170	0.45417991	1.45264339	-4.55910969	-5.23743916	-1.19822454	10.35865116	-0.13003126	-0.14475586	-0.54079103
00000171	0.90924752	0.10009047	-3.84160972	-2.74872708	-1.20421565	10.04950905	-0.13893750	-0.23589844	-0.52877343
00000172	-0.26942313	3.05464554	-2.81695843	-3.36820912	-2.25865316	6.53631449	-0.08193750	-0.35027343	-0.47726953
00000173	0.22204104	2.43146586	-1.92069387	-5.72990942	-1.98066509	11.00449371	-0.06590625	-0.36278319	-0.44465038
00000174	-0.22370552	0.88860804	-0.94875109	-5.16674423	-4.68505764	5.56215811	-0.06056250	-0.37529299	-0.42576563
00000175	1.73105466	1.20918608	-2.79021597	-5.92282343	-3.95773554	7.36069298	-0.01068750	-0.42175782	-0.38799611
00000176	0.61219412	0.09054747	-2.46442246	-4.81686258	-1.85485148	8.43430233	0.00356250	-0.47537109	-0.41546485
00000177	0.02463424	0.33700082	-1.37452400	-3.82473254	-5.17752790	5.38961363	0.04809375	-0.52362305	-0.39658007
00000178	0.88539004	1.66347694	-4.27981043	-5.20987988	-4.90912580	8.09041214	0.10509375	-0.54864258	-0.37941211
00000179	-0.09132423	1.08157623	-2.93868709	-2.29340172	-4.33517599	5.97674370	0.15318750	-0.59332031	-0.39142969
00000180	-0.04716014	1.76889372	-3.96189570	-3.82832718	-5.20987988	8.04008675	0.22800000	-0.61476564	-0.37769532
00000181	-0.88405848	1.10787499	-5.24953413	-3.31908178	-6.84066343	7.42419910	0.38475001	-0.63978517	-0.33992580
00000182	0.64614946	-1.34045768	-1.05716395	-1.74940777	-7.82081127	7.23248291	0.48093751	-0.65050781	-0.32275781
00000183	-0.60808843	0.26520646	-3.08915567	-0.41218922	-6.13730574	8.64159489	0.52903128	-0.62727541	-0.32104102
00000184	-0.35564294	0.86264223	-2.33736753	2.05615330	-7.58955383	5.47948074	0.61809373	-0.59868163	-0.29357228
00000185	-0.27463847	1.71962523	-2.91050196	-1.26652324	-7.76209831	8.92197990	0.66975003	-0.55757815	-0.32962501
00000186	1.43988240	-0.92899930	-4.17616940	5.57054567	-7.69979048	3.23520613	0.73031253	-0.53255862	-0.31589064
00000187	0.91801375	0.59066689	-2.07193923	3.00035405	-3.60665560	10.25320721	0.80512500	-0.48609376	-0.34335938
00000188	1.43400121	-0.07190534	-2.72441363	4.56643343	-5.49985027	5.85093021	0.82650000	-0.44677734	-0.35022655
00000189	-0.25666213	0.59421778	-5.03403997	6.33381462	-2.96800208	8.73745346	0.87993753	-0.35027343	-0.36739454
00000190	-0.74357671	0.54328483	-3.23440909	7.27681732	-1.10835767	6.21279383	0.87637502	-0.30380860	-0.36739454
00000191	-2.08636475	2.27655888	-4.84218168	3.85948110	-4.79169989	8.25217247	0.89240628	-0.21624024	-0.42404884
00000192	-1.28297782	0.12527953	-5.13124561	5.99112225	1.89079821	8.62841415	0.87103128	-0.09114258	-0.43778321
00000193	-1.32270324	1.40592706	-3.34437537	5.10922909	-1.30246997	6.84785318	0.80156249	-0.00714844	-0.47040236
00000194	0.09165712	-0.69996744	-0.53917915	7.15579653	2.59056139	8.52536678	0.76593751	0.05361328	-0.48757032
00000195	0.75789124	-2.33015490	1.95842195	6.37335587	1.28449667	6.90416956	0.76237500	0.07505859	-0.47040236
00000196	0.49501505	-0.83467901	3.12222338	8.03409481	0.33789930	6.90656614	0.82471877	0.02680664	-0.41031447
00000197	1.14194119	-1.11797273	6.47569799	8.73266029	2.63968849	5.80300140	0.86390626	-0.06612305	-0.36567774
00000198	1.33169150	0.44496980	7.14592648	3.19806123	-4.04041290	7.79564857	0.89953125	-0.24483399	-0.35194337
00000199	2.02167201	-1.74215114	7.14803505	5.93959904	-2.03937817	7.75610733	0.84609377	-0.41997072	-0.33820897
00000200	2.08214808	-1.98660707	7.15857649	-2.38686323	-3.52038360	7.95860720	0.70715624	-0.56293947	-0.32790822
00000201	3.38953805	-3.47986364	7.16512346	-3.26995468	7.89030838	10.77203846	0.28856251	-0.63263673	-0.37769532
00000202	-2.25880432	-4.04511976	7.16146183	-16.83745003	-2.16039872	7.67103338	-0.02493750	-0.38958985	-0.50817186
00000203	-0.54616994	-2.02355838	-2.93957496	-3.37659669	-1.46423030	8.88004208	-0.11578125	-0.12688477	-0.62663084
00000204	-1.07369769	-1.36819899	6.46682072	0.98254406	5.24942160	9.34615135	-0.05521875	-0.15905273	-0.64379883
00000205	-1.74015379	-1.74647880	5.58742285	-2.26344609	-1.12393463	9.53187561	-0.01068750	-0.03216797	-0.69015235
00000206	-0.41634083	-0.84011632	4.99830914	-0.93102044	1.73622727	10.44252682	0.05878125	0.03038086	-0.71933788
00000207	-2.93802142	0.09576283	4.07818699	-1.75300241	-0.47449690	9.56302929	0.16387500	0.11794922	-0.76912498
00000208	-2.34191728	-0.80360883	1.44143581	-0.28038454	-0.57874244	10.31671333	0.19771875	0.09114258	-0.76397461
00000209	-3.52902126	-2.05784678	4.96624041	-1.01010323	-1.28449667	8.65357685	0.27431250	0.03216797	-0.82749611
00000210	-4.58674002	-4.46401262	5.20847702	-2.33893418	-1.54451132	7.57277870	0.37940624	-0.00893555	-0.83264649
00000211	-5.27283669	-3.02768111	6.97870255	-2.87813520	-5.05650759	4.40826797	0.53793752	-0.17871094	-0.80002737
00000212	-4.87536001	-1.49148107	2.31817055	-3.05906701	-6.23556042	3.99368215	0.56287503	-0.26806641	-0.79659379
00000213	-6.86629486	-1.81472230	1.08357358	-2.63968849	-7.39544153	-2.22630119	0.60740626	-0.41639650	-0.71590430
00000214	-6.38492823	-1.37474585	-0.92123175	-1.56847584	-8.48342896	-2.17118287	0.61631250	-0.52541018	-0.60087889
00000215	-5.32776451	-2.21841311	-1.06459856	0.77405304	-11.46461201	-10.69894600	0.68756253	-0.55757815	-0.40516406
00000216	-4.05144453	0.11495978	-4.10626125	-1.60322440	-4.44301653	-4.09073830	0.72675002	-0.54685545	-0.32275781
00000217	-4.41574287	-2.48739243	-2.55430436	2.39405251	-6.94970226	-12.63647556	0.80334377	-0.46286133	-0.22146679
00000218	-0.97848970	1.51567149	-2.93280602	1.13711500	-5.63165522	-8.42471600	0.83006251	-0.39673829	-0.18198048
00000219	-2.36921453	4.68083811	-4.33429432	10.33228970	-0.78962994	-6.81909561	0.87637502	-0.32167968	-0.21631640
00000220	-1.76955950	7.13793707	0.09831502	6.52553034	-4.32199574	-10.52041149	0.91378129	-0.24840820	-0.35194337
00000221	-3.01447630	7.13094616	-2.79931498	10.67857647	-0.17014788	-5.65801620	0.86925000	-0.22875001	-0.48413673
00000222	-5.27427912	7.13105726	-1.88840306	10.64023304	4.81566429	-2.18436337	0.73031253	-0.17156251	-0.66268361
00000223	-4.03235865	7.13083553	0.09853695	8.39715767	0.01318047	-1.41510308	0.64125001	-0.22517578	-0.73822266
00000224	-3.53490233	7.12717342	-0.25644022	6.65853357	0.87350565	6.10135889	0.42750001	-0.32882813	-0.80689454
00000225	-4.16507292	5.60539913	1.49481010	2.76789856	-3.84989524	3.61025047	0.26718751	-0.36457032	-0.80689454
00000226	-1.38118184	4.05566120	1.50080216	1.53971851	-3.35982156	6.11573792	0.12290625	-0.45571288	-0.70216995
00000227	-1.35510504	4.31321096	0.82191807	-1.35519195	-3.04588675	4.83843040	0.05521875	-0.45928711	-0.63693166
00000228	-1.22993648	3.35913372	0.14913702	-3.47005820	-5.71073771	7.59434700	-0.00890625	-0.45571288	-0.53392380
00000229	0.69830298	2.70677018	-0.07223824	-4.12309027	-4.65630054	9.01903534	-0.00356250	-0.43962890	-0.46696874
00000230	-1.48615479	1.41269588	0.12672208	-3.96612310	-5.71313429	5.51063442	-0.00890625	-0.45213866	-0.41031447
00000231	0.19208048	2.41237998	-0.81770140	-5.39081192	-5.50703955	7.98376989	0.02137500	-0.45392579	-0.36052734
00000232	0.05825664	0.83556676	-2.07804227	-5.27338600	-6.95449495	6.00310469	0.03562500	-0.48251954	-0.34335938
00000233	0.62428933	1.00012791	-3.43703127	-4.33996916	-5.64124107	7.40982008	0.07659375	-0.52719724	-0.32104102
00000234	-0.07268211	1.26799750	-2.63697314	-2.12924480	-8.24018955	3.74205518	0.17278126	-0.56651366	-0.32104102
00000235	-0.48036766	1.81061661	-4.41441107	-3.35502863	-7.55600357	7.85555983	0.22978126	-0.57008791	-0.30043945
00000236	-0.34177232	0.98459280	-2.15616179	0.88309145	-7.23727608	4.56403685	0.38831249	-0.62548828	-0.23691797
00000237	-2.89629841	2.57006121	-3.61279988	-0.74409741	-9.98600292	4.12788343	0.44709376	-0.62012696	-0.23863477
00000238	-0.82269478	2.35700846	-5.55490971	0.80520684	-9.35214233	5.27458429	0.56643748	-0.59689456	-0.17511328
00000239	-0.69131219	0.83046234	-2.68002772	4.33517599	-7.08989429	3.71209955	0.67153126	-0.53434569	-0.17683008
00000240	-1.37208271	1.21850705	-4.79357862	4.57242489	-9.20476055	2.30538392	0.72675002	-0.51111329	-0.18884766
00000241	-0.06291718	0.39603424	-3.28012657	6.08098936	-6.39013100	2.81702566	0.79978126	-0.39137694	-0.19056445
00000242	2.24693108	-0.33211836	-0.62218100	7.11985016	-6.32662535	4.59638929	0.84609377	-0.35563478	-0.20773242
00000243	0.10430714	-0.56913972	-2.87798929	7.33073759	-5.01576757	3.65338635	0.87281251	-0.32525390	-0.18884766
00000244	0.95063752	0.64492881	-2.67303681	9.79189014	-1.11315060	4.93668509	0.89240628	-0.25913087	-0.20429882
00000245	-0.57124805	0.53973395	1.32103884	10.11301517	-0.36905316	4.29803133	0.86212498	-0.21445313	-0.17167969
00000246	0.95540899	-0.55593485	3.94147825	7.69979048	-6.33261633	4.66468811	0.88171875	-0.26270509	-0.20429882
00000247	1.57781196	0.39292720	5.30878925	6.98564863	-1.13232219	6.17804527	0.85678124	-0.34133789	-0.21459961
00000248	2.26801443	-1.12196755	7.15214062	3.19087172	-3.85828280	6.76996851	0.75346875	-0.49860352	-0.24206837
00000249	1.16990447	-2.41870499	7.15380526	0.01917159	-2.53184843	6.27030897	0.61809373	-0.61655271	-0.26610351
00000250	-1.18133378	-3.26381469	7.16512346	-16.70205116	3.40175939	10.79480457	0.14071876	-0.55579102	-0.35537696
00000251	-0.65025514	-1.41913188	-1.75102830	-16.72122192	-14.76092720	6.37814903	-0.10331250	-0.27521485	-0.37082812
00000252	-0.54383963	-3.16394615	5.62026834	2.47433352	8.11437607	8.40314865	-0.09618750	-0.34312502	-0.46353516
00000253	-0.78352416	-2.34702158	3.76648641	-6.95449495	-4.81326771	6.37575245	-0.11043750	-0.16441406	-0.51847267
00000254	-1.00578713	-2.24659824	6.27917862	-4.21894836	2.86495471	10.18371010	-0.07303125	-0.05897461	-0.59229493
00000255	-2.35756326	-3.65541029	4.45191765	-4.21175909	-1.73263264	7.98257160	-0.05343750	-0.44677734	-0.62491405
00000256	-2.23283863	-4.27526093	3.83295441	-2.38566494	1.16826892	10.44132805	0.07837500	0.03574219	-0.74165624
00000257	-5.01240206	-6.82102108	6.44840050	-2.85297251	-2.83859372	6.37575245	0.18703125	0.05540039	-0.81547850
00000258	-5.18972397	-7.21095228	5.56001425	-0.52362412	-3.53116751	5.22186232	0.39009374	-0.05540039	-0.84638089
00000259	-4.76938820	-6.28583670	4.46112728	0.86511809	-4.83603382	2.44437790	0.63412499	-0.23232423	-0.77599221
00000260	-6.29171801	-5.97413588	2.57316828	-2.43599033	-11.55567741	-4.41186237	0.72140628	-0.36278319	-0.66096681
00000261	-5.82732916	-3.53035283	-2.98074293	2.70319438	-10.21246719	-6.49677324	0.76771873	-0.47000977	-0.42404884
00000262	-3.08660364	0.15146728	-2.47940278	4.70542765	-8.21382904	-7.20013094	0.82293749	-0.46464846	-0.37769532
00000263	-3.13920093	-0.52175760	-3.72920203	3.53116751	-3.77560544	-3.77680349	0.89418751	-0.35027343	-0.31932423
00000264	-3.23518586	-2.20254517	-2.68047142	6.28109264	-3.74804616	-7.90468693	0.89062500	-0.26449218	-0.27812108
00000265	-2.35956073	0.28717753	-2.19388986	3.44010258	-4.39748383	-9.39288139	0.85856253	-0.18228516	-0.20258203
00000266	-2.52767277	1.74159634	-5.19815731	9.39647675	1.06881630	-6.92334127	0.88706249	-0.12152344	-0.22661719
00000267	-4.36458778	3.12577415	0.46150360	6.92453957	1.65474796	-9.36172771	0.83184373	0.00536133	-0.31074023
00000268	-3.60381150	4.33152056	-3.34548497	9.96084023	4.06317902	-6.67411041	0.86034375	-0.00893555	-0.39314649
00000269	-5.23632908	4.68394518	-1.57625842	9.14604759	7.82081127	-2.09090185	0.74634373	0.06254883	-0.58542776
00000270	-7.20806694	4.47411060	1.53830838	9.18678761	9.96443462	-3.16810560	0.69468749	0.00714844	-0.69701952
00000271	-6.35064030	5.05401373	1.86643195	8.44508648	3.52877116	-1.41749954	0.55396873	-0.16262695	-0.81547850
00000272	-4.58518648	5.02516270	-0.36241183	2.62530994	1.71825397	8.71708298	0.45778126	-0.26627931	-0.82921290
00000273	-6.22203159	4.33440542	1.80351484	8.10958290	1.05563581	1.07600558	0.33487502	-0.36457032	-0.78972656
00000274	-1.59445667	2.96176791	1.85666704	3.00394869	-3.70610833	5.55736542	0.24581251	-0.45750001	-0.73135549
00000275	-0.33655697	1.63784397	6.48912477	0.40499988	1.30366826	8.84888744	0.09618750	-0.44677734	-0.65925002
00000276	2.44500375	0.00665790	7.13716030	0.14977807	2.00343132	9.63851738	0.02493750	-0.37171876	-0.66955078
00000277	1.58069694	-0.08044966	7.14736938	-5.99112225	2.53783941	11.83486366	-0.01959375	-0.15547852	-0.70903713
00000278	0.05492770	-1.21384656	4.32952309	-0.75248498	0.79322463	9.11249733	-0.01246875	-0.02323242	-0.70216995
00000279	-0.92988706	-0.73347890	2.60124254	0.59312111	2.43838692	12.10566235	0.09796875	0.04467773	-0.72620511
00000280	-0.69308764	-1.10965037	3.53468037	1.89678931	0.15816563	8.41273403	0.11934375	0.04825195	-0.73993945
00000281	0.16334054	-1.25645721	2.90084815	1.63677466	0.11502955	10.98292542	0.18703125	0.07684571	-0.76397461
00000282	-2.27200913	-2.57105994	3.95923257	1.71346104	1.61760306	9.92369556	0.25115624	0.08756836	-0.76397461
00000283	-3.39098072	-5.93840504	5.26085234	4.05359364	-2.94283938	7.39304495	0.40078124	0.04110352	-0.78800976
00000284	-1.77166784	-3.60525417	3.81586576	3.39337182	-2.62650800	8.93276405	0.55040628	-0.01250977	-0.77770901
00000285	-4.03136015	-3.25138664	5.32709885	3.59706998	-7.39663982	3.31788373	0.67331249	-0.14296874	-0.74508983
00000286	-2.39174056	-1.77865863	1.99459660	2.11007333	-6.81190634	4.77132988	0.72318751	-0.23589844	-0.68328518
00000287	-3.11168170	-2.42170095	2.78278136	2.39884543	-7.91427279	1.85125685	0.76059377	-0.34133789	-0.63693166
00000288	-1.93245614	-0.22315070	0.50455803	2.57138968	-9.09332561	0.87949675	0.77306253	-0.38244140	-0.59401172
00000289	-2.35112739	-0.16278571	-0.13504446	1.38394928	-7.72255707	0.90945238	0.78909373	-0.42711914	-0.55795896
00000290	-3.55210185	-2.15738225	2.12620115	2.38087201	-10.10103226	-5.69755745	0.76593751	-0.46107423	-0.49443752
00000291	0.49479312	1.58513558	-2.58526349	0.75248498	-11.58802891	-4.72220278	0.77840626	-0.49145508	-0.44121680
00000292	0.71050918	4.00517225	-4.26804829	3.93257284	-11.37354660	-7.11745358	0.79799998	-0.43962890	-0.44980079
00000293	2.17990828	5.97457981	-6.76598215	3.61025047	-8.38996792	-2.49350524	0.82115626	-0.30559570	-0.60602933
00000294	1.16191494	6.75078011	-6.55914354	7.57637358	-2.24906731	3.36221790	0.76059377	-0.16620117	-0.67126757
00000295	0.18464583	5.70726490	-4.59861326	6.51714277	-3.26875639	5.50104856	0.58603126	-0.07684571	-0.75710744
00000296	0.72826356	6.88593578	-6.74023867	4.95465803	-1.64396405	5.45551634	0.40434375	-0.05540039	-0.81547850
00000297	0.28529111	6.78085184	-7.20274067	0.60031044	0.79202640	7.89629936	0.24046876	-0.03752930	-0.81891209
00000298	-0.06602420	6.35396910	-7.02830362	-2.26704073	2.46714425	10.15615082	-0.01068750	-0.13224609	-0.72105467
00000299	0.07534526	2.30552053	-2.53610611	-4.19498396	4.40347481	11.97984886	-0.07303125	-0.22696289	-0.64723241
00000300	-1.36376035	2.24260354	-2.12253928	-3.80436277	0.98134583	6.98445034	-0.08550000	-0.31095704	-0.54937500
00000301	-1.50668335	2.15971255	-2.87832212	-6.88379955	0.24443780	9.94286728	-0.09796875	-0.34491211	-0.51675588
00000302	-0.56614363	0.77320439	-1.78409588	-6.16127014	-1.40791380	8.23899174	-0.04275000	-0.43248048	-0.49100390
00000303	-0.26054591	-0.24612045	-2.68069339	-6.09896278	-2.03817987	8.66316319	0.01425000	-0.45750001	-0.46353516
00000304	0.26309812	-0.32845652	-1.32447875	-4.41785383	-1.76738107	7.57277870	0.03028125	-0.51647460	-0.45495117
00000305	-0.67344683	0.67211527	-2.93391562	-5.60169935	-4.31360817	7.18695068	0.08015625	-0.51290041	-0.46525195
00000306	0.54217517	0.63627356	-4.87247515	-4.89235067	-3.18248415	7.93703890	0.13181250	-0.55757815	-0.46696874
00000307	0.05703603	1.18033516	-4.91453075	-3.37659669	-5.31292725	6.35178804	0.23690625	-0.62727541	-0.43778321
00000308	-1.04251659	0.89437824	-3.97554445	-1.55769181	-2.79425955	9.47196484	0.39543751	-0.64335936	-0.42576563
00000309	-0.21715859	0.83723122	-0.90813792	-1.88840175	-7.38825226	6.04144812	0.47737500	-0.65765625	-0.38456249
00000310	-1.29906774	0.51299137	-1.47250605	-1.57566524	-5.91203976	6.90177298	0.50053126	-0.65229493	-0.37597853
00000311	-0.61152834	0.67855120	-2.82383823	-1.15988135	-7.63748312	6.39372587	0.55575001	-0.62548828	-0.33649218
00000312	-1.01999068	0.43365139	-3.28045940	0.32352060	-7.78246784	4.91631508	0.64125001	-0.58617187	-0.33992580
00000313	-0.46949309	-0.25832662	-2.09335542	1.07241094	-8.22341442	5.78382969	0.69468749	-0.55757815	-0.32962501
00000314	-0.30826089	-0.35342366	-1.90526974	2.73434830	-6.14808989	5.14397764	0.73743749	-0.52541018	-0.31245703
00000315	-0.32956618	-0.75933379	1.08878899	5.22306061	-7.59314871	2.55221820	0.79087502	-0.50039065	-0.31245703
00000316	1.04506874	-0.24623142	5.77195740	1.78056157	-4.26208448	6.43925858	0.71962500	-0.55042970	-0.30215624
00000317	0.82724440	-0.76765615	3.55321145	-2.49949622	-8.27134323	6.16007233	0.62343752	-0.61119139	-0.31589064
00000318	0.84044921	-0.69874686	2.03565359	-0.88309145	-6.05103350	6.31943607	0.52012503	-0.63621092	-0.33305860
00000319	1.23326540	-1.08335173	4.90687418	-2.62411165	-4.25130033	7.72495317	0.43818751	-0.64335936	-0.36739454
00000320	1.39849246	-1.93367684	7.14759111	-3.70251369	-1.55529535	8.79736423	0.30459374	-0.62727541	-0.41374806
00000321	0.90048128	-3.46810126	7.14381838	-5.82217264	-1.73383081	8.71708298	0.13893750	-0.57544923	-0.46353516
00000322	0.96694934	-2.81196499	4.26838112	-4.02603436	-2.08970356	7.74652147	0.00356250	-0.41103515	-0.56654298
00000323	1.13705873	-2.66049790	3.02080131	-1.78535450	0.59072465	8.76141739	-0.01959375	-0.35206056	-0.62319726
00000324	0.91568351	-2.39240623	2.67814136	-1.33362389	1.31445229	9.70442009	-0.01959375	-0.30202147	-0.69530272
00000325	2.08425641	-4.03313541	4.15741634	1.76378644	3.07224751	10.16214180	0.03206250	-0.22875001	-0.72105467
00000326	1.31404805	-3.92139363	2.95377851	1.35159719	0.95618314	9.41205311	0.11934375	-0.12688477	-0.80174416
00000327	3.08205390	-5.24121189	3.92172647	6.35658073	4.02363777	8.05805969	0.19237500	-0.07505859	-0.85839844
00000328	1.59967208	-4.53957987	3.85703373	6.62618160	1.75539887	5.74189186	0.40790626	0.01608398	-0.81204492
00000329	2.44145274	-5.10416985	2.85135770	10.59470081	2.46235132	3.44369721	0.50053126	0.03395508	-0.78457618
00000330	0.83190489	-3.65086079	4.53258896	9.29702377	1.19343162	2.44198155	0.67153126	0.02323242	-0.74337304
00000331	0.15157825	-4.40253782	4.62069511	9.03341484	-1.63797283	0.41099101	0.74456251	-0.00714844	-0.64551562
00000332	-0.76066536	-3.03178692	3.33727360	7.51166916	-5.19310474	-3.63661122	0.84609377	-0.14833008	-0.54422462
00000333	-0.92833352	-3.35480595	2.05085588	7.60153627	-4.92470264	-5.46390390	0.87815624	-0.20909180	-0.47211915
00000334	-0.46771765	-0.71528065	0.75167716	6.37695074	-5.99591541	-6.92693567	0.89240628	-0.25913087	-0.39658007
00000335	-1.37052917	-0.14736158	-1.48626578	6.94011641	-5.57414055	-5.03254271	0.89240628	-0.23768555	-0.38627931
00000336	-0.63194591	3.10291553	-4.32020187	6.67291212	-5.38601923	-5.29615211	0.90665627	-0.23768555	-0.41374806
00000337	-2.01479220	5.35850191	-6.30015135	9.60616589	0.91184884	-3.62582731	0.87281251	-0.08935547	-0.49443752
00000338	-2.61588979	5.07653952	-4.93971968	9.96922779	1.53612375	-1.14789903	0.75346875	0.00893555	-0.59916210
00000339	-3.24084496	4.57908344	-6.15123606	7.41461325	3.07704043	0.91304708	0.59493750	0.06791016	-0.72448826
00000340	-3.54344654	2.87366176	-7.00555611	4.16143370	6.64415503	6.35178804	0.48093751	0.04646485	-0.76569140
00000341	-1.88263285	2.12165165	-4.10204458	5.44593048	7.03717232	4.79888916	0.25650001	-0.03931641	-0.83436328
00000342	-0.98703402	2.78733087	-4.02769804	1.82968879	7.74771976	6.53391838	0.23868750	-0.05361328	-0.82062894
00000343	-0.45062903	2.77579045	-2.95144820	0.15696740	7.41940594	5.88328218	0.09618750	-0.15726563	-0.83092970
00000344	-1.25612426	1.89583766	-1.97784090	-3.22681856	6.24394798	6.66332626	0.09796875	-0.18049805	-0.80517775
00000345	-0.64071214	1.82459819	-4.12024307	-4.65390396	4.85520554	7.33672857	0.05165625	-0.25555664	-0.73993945
00000346	0.37728113	0.41134739	-0.21305288	-3.96252847	7.62789726	7.52245331	0.06768750	-0.29308593	-0.77599221
00000347	0.40613204	0.30371132	-2.12819862	-5.74309015	4.18419981	6.09177351	0.07659375	-0.26270509	-0.70903713
00000348	0.83889568	-0.05403997	-3.17659616	-5.85811949	5.34647751	6.60341501	0.06412500	-0.31095704	-0.72792190
00000349	-0.36452016	-0.22048753	-2.35201502	-7.00002766	3.91819406	6.90656614	0.07303125	-0.35920900	-0.75024027
00000350	0.06813253	-0.16278571	-2.37498474	-6.62019014	3.03030968	5.68677330	0.12112500	-0.39673829	-0.75882423
00000351	0.50821990	0.01742151	-1.98327816	-5.63045692	3.21243978	6.37335587	0.13715625	-0.41639650	-0.71590430
00000352	1.83824682	0.26753670	3.97143888	-4.29803133	6.93172884	6.09536791	0.16565625	-0.42711914	-0.72277147
00000353	0.76221883	0.66279417	7.14692545	-6.20919943	7.37866640	5.33329725	0.06412500	-0.31453127	-0.76912498
00000354	3.21621084	-0.92500460	7.15935326	-2.90689254	15.20546913	7.57996798	0.05521875	-0.16977540	-0.76740819
00000355	1.33213532	-1.63262868	6.35385799	-1.93033969	2.22749925	3.30110836	0.16921875	0.04825195	-0.77770901
00000356	2.46619797	-1.32802963	3.08227587	6.82868147	12.88570595	4.63353395	0.21196875	0.08756836	-0.74680662
00000357	1.15381444	-3.00903893	7.14648151	5.54777956	7.93584061	3.72048712	0.38118750	0.17871094	-0.69701952
00000358	0.46061587	-4.98277426	7.01820612	7.28161001	3.16930389	-0.91424531	0.53971875	0.12688477	-0.67813480
00000359	0.38859957	-5.65677595	4.79812813	9.39048576	1.42588711	1.33122742	0.75168753	0.01787109	-0.58714455
00000360	-0.26909024	-7.21272755	5.33253574	6.17325258	-1.51695216	-6.42248344	0.84253126	-0.04467773	-0.44121680
00000361	-1.95775616	-4.92496157	4.68483305	5.82456923	-0.18572479	-6.82269049	0.90309376	-0.18407227	-0.25923634
00000362	-0.97682524	-4.97467375	4.92385197	-2.56539869	-8.81533718	-11.89477444	0.84609377	-0.27700195	-0.19399805
00000363	-0.11606943	-2.40050673	0.82924175	3.25797248	-0.02636094	-10.68576622	0.78375000	-0.32525390	-0.06180469
00000364	0.35874999	-4.18482447	2.93369365	-4.46458435	-4.99180317	-7.69140291	0.74990624	-0.34491211	-0.04978711
00000365	-0.20650594	-3.17748404	3.57729101	-3.93137455	-1.08678961	-10.16334057	0.60918748	-0.43248048	0.02403516
00000366	1.04318237	-4.19170427	1.62075543	-5.61727619	-4.32559061	-8.74584103	0.50943750	-0.43248048	0.04120313
00000367	2.33881021	-3.01836014	-0.02319169	-7.76209831	-3.41493988	-6.29547167	0.42750001	-0.45392579	0.02060156
00000368	3.59227133	-4.29523468	-1.75258183	-8.76381397	-5.91443586	-6.54470205	0.40612501	-0.47537109	-0.01716797
00000369	3.40074563	-0.88594490	-2.72252727	-8.12036705	-5.73110771	-4.94986534	0.40968749	-0.53255862	-0.06867187
00000370	3.88788223	-0.33944204	-2.50159597	-8.40075207	-9.35813332	-4.60717297	0.42750001	-0.57902342	-0.09957422
00000371	3.82674026	-0.31147885	-5.38879538	-5.74788284	-6.39732075	-1.10835767	0.51478124	-0.60940433	-0.20429882
00000372	1.50102413	-0.26221040	-5.27106142	-2.46594596	-7.05514574	1.16946709	0.62521875	-0.58438480	-0.26953712
00000373	0.40058380	-1.03474903	-1.79485953	-1.12273633	-8.38996792	2.39285421	0.70893753	-0.54328126	-0.27468750
00000374	-0.09542993	-1.09311664	1.61420846	3.98769116	-6.88739443	-1.19462979	0.72675002	-0.53613281	-0.24035156
00000375	-0.20206735	0.40946099	2.53721571	2.64927435	-5.63524961	2.16638994	0.72318751	-0.53970706	-0.20601563
00000376	-1.01166832	0.26720381	3.51681495	-3.03869724	-10.19209766	-1.16467416	0.63590628	-0.58081055	-0.20429882
00000377	0.06402683	0.56203794	2.29042935	-2.98477721	-7.88911009	-0.17613900	0.60740626	-0.60583007	-0.21116602
00000378	0.43121016	0.62894982	3.15251684	-6.24035311	-9.04180241	-0.42536968	0.52190626	-0.59868163	-0.23520118
00000379	1.49769509	0.37705922	1.71618533	-5.29854870	-6.97366667	0.04433431	0.47915626	-0.63799804	-0.24893555
00000380	1.42678845	0.09642862	2.08947182	-7.60992384	-7.55001259	0.46491110	0.43640625	-0.64514649	-0.30043945
00000381	2.27267504	0.00854431	1.40581608	-7.17736483	-6.00190639	0.83516246	0.40434375	-0.66301757	-0.32790822
00000382	1.93511939	0.21249805	0.94098353	-6.20680285	-4.80248356	1.74102020	0.33843750	-0.62191409	-0.39142969
00000383	1.59800756	-0.17343836	0.31858063	-6.68489456	-4.57841587	3.10699606	0.32596874	-0.64872068	-0.41374806
00000384	0.68221307	-0.13604315	-0.98525858	-7.02159548	-4.58920002	4.43702507	0.32775000	-0.60404295	-0.49787110
00000385	1.61221111	0.20195638	0.10497293	-7.23487949	-4.89115238	4.03202534	0.32062501	-0.63263673	-0.48413673
00000386	-0.02441231	0.41290092	0.34465742	-6.51354837	-4.55325317	3.13695168	0.33131251	-0.60404295	-0.53564066
00000387	0.00288509	0.17587958	-1.91281533	-8.07483482	-4.20097494	3.67495441	0.33843750	-0.61476564	-0.54594141
00000388	0.66168451	-0.06269525	-1.13938904	-8.44388771	-6.02107811	3.53476214	0.37584376	-0.59153318	-0.55452538
00000389	0.35408944	-0.08477729	-3.98819447	-7.89390278	-6.55428791	3.40295744	0.35625002	-0.61476564	-0.54937500
00000390	-0.14203525	-0.46216938	-3.07683873	-6.67291212	-5.49026442	6.39372587	0.49162501	-0.58617187	-0.55280858
00000391	0.01997371	-1.06604111	-4.08772993	-5.51662540	-7.88431692	4.77372646	0.56821877	-0.58081055	-0.56139261
00000392	-0.12306023	-1.18998909	-4.21356440	-0.16655320	-7.42779350	4.33158159	0.70537502	-0.50575197	-0.50817186
00000393	-0.23657747	-0.40113863	-4.29889679	0.87470388	-8.18866634	3.85109353	0.78018749	-0.46107423	-0.48757032
00000394	0.55937475	1.02276480	-4.81732512	3.68693686	-9.40246773	1.41270673	0.85678124	-0.37350586	-0.49272069
00000395	-0.51887250	0.74890304	-5.27605486	5.47229147	-4.10871172	4.94866705	0.84965628	-0.25913087	-0.54079103
00000396	-0.41856012	0.92256337	-6.21160126	5.63045692	-8.05086994	1.70028055	0.84787500	-0.18585938	-0.53564066
00000397	0.28762138	3.36745596	-7.19819117	5.75267601	-1.19223332	6.87780857	0.81046873	-0.06254883	-0.57169336
00000398	-2.03787303	2.63220167	-6.08199406	9.06336975	0.94659734	7.64347410	0.60206252	0.12152344	-0.64551562
00000399	-1.86898422	5.86938477	-7.21605635	2.90569448	-0.93221867	10.80918312	0.48093751	0.15369141	-0.67985159
00000400	-1.57015526	2.54442835	-5.70726490	5.22186232	4.25130033	10.13338470	0.20306250	0.12509766	-0.75195706
00000401	0.21416253	1.53298199	4.18360376	1.79494023	4.77851915	9.65409470	0.14428125	0.07327148	-0.72620511
00000402	-0.15501817	-1.51278639	5.15166283	2.66604948	4.30881548	10.53958225	0.18168750	0.11080078	-0.73478907
00000403	-1.99348700	-1.69976246	7.10664511	0.12102067	2.50548744	12.04095745	0.27965626	0.15905273	-0.73993945
00000404	-2.11787868	-3.27124929	3.84649205	1.99025083	-1.47741079	6.65374041	0.45956251	0.07148437	-0.76912498
00000405	-3.47664571	-4.53025866	4.91874743	4.68505764	-1.11554694	7.83039713	0.56821877	0.04467773	-0.78800976
00000406	-1.12030303	-2.20365477	3.36867666	1.19223332	-11.01168346	1.92914140	0.66262501	-0.11437500	-0.74165624
00000407	-1.38739586	-0.99324805	1.53608906	6.58544159	-5.94678831	6.20680285	0.73565626	-0.16620117	-0.71590430
00000408	-4.05177736	0.14092560	3.33860517	2.64448142	-6.16965771	3.84150767	0.73921877	-0.24840820	-0.71933788
00000409	-3.83606148	2.18379188	-3.20245099	1.42109430	-11.94749641	3.09381557	0.72140628	-0.31989259	-0.67126757
00000410	-4.37845850	-1.36731124	-3.96278358	3.49761724	-6.77955437	0.18213013	0.74634373	-0.34133789	-0.65066600
00000411	-4.63190269	-0.47337687	-4.37146759	10.25680161	-9.92369556	-8.30848885	0.81759375	-0.33776367	-0.60259569
00000412	-2.21175528	3.21487904	-5.40555096	5.98752785	-3.81035399	3.05547237	0.81937498	-0.30023438	-0.58714455
00000413	-3.89398527	3.96455884	-4.33973169	10.90743732	1.96628642	0.51164186	0.76771873	-0.23411132	-0.66440040
00000414	-4.46856213	1.61909091	-3.55920362	7.78246784	0.67819506	3.63780951	0.69825000	-0.22875001	-0.72448826
00000415	-3.67249894	-0.53296506	-1.94366360	9.96563339	3.04468846	2.17357922	0.70359373	-0.23768555	-0.73650587
00000416	-4.99498034	-0.75400746	0.08511019	9.14365101	2.67204070	0.82797313	0.73921877	-0.27342772	-0.73993945
00000417	-3.06585312	0.33644599	-2.87188625	10.81397629	4.31360817	1.70267701	0.75346875	-0.36278319	-0.64723241
00000418	-3.52103162	-1.18776977	-1.07003593	11.61439037	1.77816510	-3.18847537	0.75881249	-0.35384765	-0.61117971
00000419	-1.00245821	1.00390077	-0.79728383	8.92677212	2.86974764	2.11846089	0.80512500	-0.38958985	-0.55967581
00000420	-2.03987026	-0.77198380	-0.33655697	11.81688976	4.55085659	0.89147902	0.83362502	-0.37171876	-0.57341015
00000421	-1.94943380	0.13781857	1.36486995	7.88791180	3.62942195	1.50496995	0.80690628	-0.39137694	-0.54079103
00000422	-1.90549171	-0.32235345	0.45784175	12.58854675	4.53887415	3.81993961	0.79799998	-0.41460937	-0.51503909
00000423	-2.65572619	0.17832083	1.85855341	5.14397764	-0.41338745	0.23605022	0.81581253	-0.45035157	-0.50473827
00000424	-1.33635199	0.13138261	0.98281735	12.62688923	5.04572344	2.95601988	0.78196877	-0.49502930	-0.43778321
00000425	-0.16700238	-0.41278994	0.61585599	11.95468616	3.07104945	1.26053214	0.76950002	-0.52541018	-0.41203126
00000426	0.47193432	-0.35076049	1.16202593	8.14313316	-2.28621244	-2.26823902	0.73031253	-0.55042970	-0.40173048
00000427	4.03624249	0.32290825	0.65025514	13.43209648	0.53800279	-2.55221820	0.75524998	-0.52541018	-0.45323437
00000428	4.17272949	0.11551461	2.36999130	10.27118015	0.73451161	1.47621262	0.71784377	-0.52719724	-0.51675588
00000429	6.08698750	0.86663699	3.58228445	4.70542765	1.40192270	4.12069416	0.65906250	-0.51468748	-0.61804688
00000430	7.09055519	-1.75369155	0.49912074	12.82699299	1.97826862	-3.31309080	0.59850001	-0.43248048	-0.71762109
00000431	4.81521702	0.60420465	1.30994225	7.51526403	3.00275064	6.15767574	0.59137499	-0.27521485	-0.81376171
00000432	5.60906076	0.42610577	0.73003900	9.91410923	1.81531012	1.47261786	0.59137499	-0.21445313	-0.80002737
00000433	5.10139561	-1.31216156	1.59012902	8.25456810	1.21499968	2.59535432	0.59850001	-0.09292969	-0.77255863
00000434	3.45400882	0.08954879	0.96217787	11.41189003	3.47964382	4.00566435	0.61096877	-0.02323242	-0.76054102
00000435	3.41295171	-0.54461640	2.54831219	6.99044180	0.20849106	3.30470324	0.62878126	0.04110352	-0.70216995
00000436	2.52844930	-0.32723591	2.00935483	11.70785141	0.72732228	2.68761754	0.65371877	0.05182617	-0.69186914
00000437	3.05231547	-1.61498523	4.33928776	7.85076666	0.97535473	7.69619608	0.69825000	0.05003906	-0.63521487
00000438	2.40039563	-0.48402950	3.29910159	6.36496830	-4.67667007	4.50891876	0.78553128	0.01608398	-0.56825978
00000439	0.77398115	-1.43400121	7.16268253	9.24190521	-1.65834272	3.16690731	0.84253126	-0.07684571	-0.50988865
00000440	0.85165668	-1.71818268	6.32988977	5.65801620	-5.24822330	3.35023570	0.86746877	-0.21266602	-0.46868554
00000441	-0.65713495	-0.60598010	7.07934761	-0.85792875	-8.87165451	3.03150797	0.83184373	-0.39137694	-0.41718164
00000442	-1.04407001	-1.32525551	6.02584553	-0.34269220	-6.35058975	2.03578329	0.79265624	-0.47000977	-0.41031447
00000443	-1.28819311	-0.33234030	4.84151554	-4.21295738	-9.59897614	-0.49965960	0.64837503	-0.57544923	-0.36396095
00000444	-1.78675902	0.56514496	4.39454842	-5.88208389	-6.16845989	0.28038454	0.56465626	-0.63442385	-0.35537696
00000445	-2.63530874	0.02308073	3.94991159	-7.92745304	-4.42624140	-0.16775143	0.43462500	-0.67195314	-0.31245703
00000446	-4.44803381	1.16147113	1.58802068	-9.29103279	-3.15133047	-0.86272162	0.37584376	-0.63084960	-0.26266992
00000447	-5.96825457	0.45828563	1.44176877	-8.86925793	-2.62171507	-5.14996862	0.37406251	-0.59332031	-0.14421093
00000448	-7.12162542	2.56074023	-0.73203635	-8.97110653	-2.02499938	-7.79924297	0.35446876	-0.50217772	-0.05322070
00000449	-5.29802561	2.54531598	-1.65326810	-6.47879982	-5.60649252	-12.37286568	0.42750001	-0.33597657	0.06523828
00000450	-5.00485611	2.06383872	-2.06716776	-1.56847584	4.54246902	-6.99643278	0.49875000	-0.23589844	0.09957422
00000451	-5.66221333	2.86944509	0.63893670	-5.87010193	-2.03817987	-13.11576557	0.58068752	-0.09292969	0.06523828
00000452	-5.38446760	3.50982428	0.34365872	4.09073830	10.27357674	-9.07415390	0.63234377	-0.00178711	0.03605273
00000453	-4.75318766	2.95921564	2.39795446	0.19291414	5.25900745	-12.84137154	0.69290626	0.07684571	-0.11159180
00000454	-3.71366692	3.11734080	3.54988265	-0.22286975	7.99934673	-9.56183147	0.74634373	0.08756836	-0.20086524
00000455	-2.74627376	2.35978246	4.90643024	4.85400724	10.07586956	-7.98017502	0.81937498	0.03574219	-0.30558985
00000456	-2.25591922	2.89341331	5.96958637	3.00035405	10.00637245	-6.43326712	0.87993753	-0.03931641	-0.36396095
00000457	-1.27532125	2.82139707	6.25665283	5.03973198	9.63132858	-4.90433264	0.89240628	-0.14475586	-0.43434963
00000458	-0.40946099	2.36355543	6.81946754	10.06508541	6.49677324	-5.85093021	0.87637502	-0.34669921	-0.48070312
00000459	1.65937126	2.41226912	6.48956823	6.08698034	1.32164156	-3.01353455	0.80156249	-0.44677734	-0.51503909
00000460	2.41138124	2.48273182	6.06157637	7.90708351	0.88069499	-0.51403832	0.60562503	-0.52183592	-0.60774612
00000461	4.46234798	1.98904836	6.46604395	7.45056009	-0.83396423	-0.10065085	0.48628125	-0.50575197	-0.70903713
00000462	5.97990608	1.27543223	5.35628271	5.29495382	-0.76446724	4.76893330	0.33665624	-0.39852539	-0.80517775
00000463	4.37823677	2.38375092	4.39565802	1.35399365	1.89559114	8.06524944	0.23156250	-0.23947266	-0.83436328
00000464	4.15930271	-0.20484146	2.14229107	2.10528040	-2.30418563	9.10770416	0.19593750	-0.09292969	-0.83092970
00000465	5.90112066	-2.72485757	1.96874177	-1.90158224	-0.51044363	12.21949291	0.21196875	-0.00536133	-0.81547850
00000466	4.67584467	-0.49767822	-2.20709467	7.25165462	4.33517599	6.51834106	0.27787501	0.13939454	-0.71762109
00000467	2.43202090	0.24046125	-0.25078100	1.48819482	3.95533895	10.54317760	0.26184374	0.19836915	-0.64723241
00000468	2.57793975	2.10855770	-4.84917212	-0.87470388	3.30709958	9.04659462	0.19771875	0.20194337	-0.59572852
00000469	1.14748943	3.30231953	-4.20246792	-2.01781011	9.47316265	9.80986404	0.10509375	0.17692383	-0.55109179
00000470	-1.71851563	2.37964535	-7.14537191	-1.53732204	7.16298580	7.49729061	-0.02137500	0.07505859	-0.47726953
00000471	-4.89400196	1.61753738	1.51267540	-4.88276482	10.63064766	10.46409416	-0.08193750	0.00000000	-0.46010157
00000472	-5.85196352	1.50646138	-2.59125566	-4.53168488	6.11813402	11.09196377	-0.11934375	-0.06254883	-0.44465038
00000473	-4.48387527	3.20300579	1.04040825	-6.31464291	-3.46406698	6.88979101	-0.11221875	-0.07327148	-0.46868554
00000474	-4.34816504	0.79573029	0.09065844	-5.25301600	-2.34732175	5.99351883	-0.14250000	-0.14296874	-0.42576563
00000475	-3.53490233	1.69443619	0.57202476	-8.05206871	-3.48084211	6.51594496	-0.11578125	-0.11616211	-0.45838478
00000476	-3.13420749	0.87629092	-0.32412890	-8.53854752	-4.49334192	4.01405191	-0.13537501	-0.09292969	-0.39829689
00000477	-2.09324455	0.72149467	-1.46373987	-7.17137337	-5.06369686	2.72116780	-0.12290625	-0.10543945	-0.40344727
00000478	-2.64429688	1.38373411	-1.66880322	-5.61847448	-6.76877022	2.55940747	-0.12468750	-0.16083984	-0.38456249
00000479	-2.14140344	1.63096416	-1.27931595	-6.21399212	-6.38294172	3.03030968	-0.13715625	-0.18407227	-0.36911133
00000480	-1.35099936	0.98181868	-0.45562246	-1.95789886	-8.83690548	-2.82421517	-0.10865625	-0.23411132	-0.30387306
00000481	-1.03175294	0.74058068	0.05004523	-4.28844547	-7.92385864	-1.69069481	-0.11756250	-0.23589844	-0.30902344
00000482	-0.80649394	0.59543842	0.22159718	-6.74240923	-8.24018955	-2.11007333	-0.11934375	-0.20551758	-0.28327149
00000483	-0.89970458	0.44408208	0.35475522	-7.07192087	-7.34871101	-2.92846060	-0.08728125	-0.19122070	-0.24206837
00000484	-0.73347890	-0.20817041	-0.57380021	-7.90468693	-7.54042673	-1.78894913	-0.09262500	-0.21445313	-0.25408593
00000485	-1.22039354	-0.98204058	-1.01177919	-4.35674429	-8.27134323	-1.10116827	-0.09618750	-0.21445313	-0.25751954
00000486	-0.79495353	-0.16456115	-1.09367144	-4.00326824	-8.41033745	-1.88360894	-0.09262500	-0.23589844	-0.28498828
00000487	-0.97371823	0.23391430	-0.39381492	-3.30829787	-7.62909555	-2.34732175	-0.08728125	-0.24125977	-0.26953712
00000488	-1.11186969	0.48913389	-0.13881727	-3.41853452	-7.82200956	-4.51251364	-0.11578125	-0.24840820	-0.26266992
00000489	-0.66656697	0.27053276	0.01242808	-0.84474826	-8.82132912	-7.20851851	-0.09440625	-0.24483399	-0.25236914
00000490	-0.19951515	0.05326322	1.14515924	-5.15715837	-8.70030785	-6.67890310	-0.09440625	-0.25913087	-0.25236914
00000491	3.86524534	-0.59333009	0.44008735	-3.75164080	-7.06592989	-3.51678896	-0.09084375	-0.25555664	-0.24550195
00000492	0.95907086	-0.41234609	2.36932564	-4.03442192	-10.55276299	-5.46869659	-0.09796875	-0.24125977	-0.29357228
00000493	2.29686546	-0.82702243	2.38885546	-4.25489521	-6.38653660	-0.26840228	-0.12468750	-0.22517578	-0.30558985
00000494	1.01000381	-1.31349313	3.48985052	-9.17840004	-5.99112225	0.81838733	-0.13003126	-0.12331055	-0.34507617
00000495	4.28802204	-2.33181930	2.77734399	-2.80863810	-2.67084241	-0.31752950	-0.13359375	-0.08399414	-0.35194337
00000496	2.23650050	-4.44237423	3.80854201	-10.74447918	-5.98273468	-0.42896438	-0.09084375	-0.04110352	-0.38627931
00000497	5.05279303	-2.25358891	2.03787303	-7.97658062	-0.08986684	4.60597515	-0.08371875	0.04825195	-0.43434963
00000498	4.20690680	-2.88830900	0.99335903	-3.47964382	6.22477627	7.75490904	-0.04987500	0.07148437	-0.40859765
00000499	2.05340815	-2.30219173	1.87686265	-7.72734976	3.72168517	8.17908001	-0.03384375	0.08756836	-0.38627931
00000500	2.32394075	-1.44609642	1.50668335	-5.33928823	6.91734982	9.02023411	-0.02671875	0.12688477	-0.35881054
00000501	-0.79628515	-3.35802412	4.40131712	-4.36513186	6.69448042	7.95381403	0.03384375	0.14833008	-0.37941211
00000502	-1.18333113	-3.08882284	3.22619748	-4.01285362	9.20116615	10.38740826	0.11043750	0.20373046	-0.41889843
00000503	-3.03678036	-5.50353289	4.57708597	-0.50325429	8.76261616	9.66967201	0.20128125	0.26627931	-0.53049022
00000504	-3.25604725	-2.62299156	5.30579329	-0.71054715	5.47109318	8.96152115	0.32240626	0.25555664	-0.55795896
00000505	-4.64244461	-3.16061735	4.24962807	1.04005885	1.81411183	7.54042673	0.55396873	0.16620117	-0.65066600
00000506	-5.29558468	-2.95311260	5.24531746	3.96252847	1.40072441	6.05223179	0.61631250	0.08935547	-0.68671876
00000507	-5.08874559	-2.71575832	2.87355065	2.74273586	-5.08167028	3.68334198	0.73921877	-0.06612305	-0.67470115
00000508	-6.21825886	-1.97151589	4.59628296	2.19634557	-7.01560450	-0.97894943	0.75881249	-0.19658203	-0.65238279
00000509	-5.69139671	-2.31140184	1.55983555	3.00874162	-5.17513180	-0.08986684	0.82828128	-0.38422853	-0.54765821
00000510	-5.85362768	-2.52179146	2.94501209	-1.73023617	-8.82851791	-7.14740896	0.81937498	-0.42175782	-0.44293359
00000511	-6.63526535	-3.58417082	1.42090738	1.25933397	-2.96560550	-7.86394739	0.79978126	-0.47715822	-0.30043945
00000512	-5.46258688	-0.93632299	0.45906237	-3.58988047	-4.41545725	-11.13869476	0.75346875	-0.48430663	-0.18026367
00000513	-6.02984047	-3.68503809	-0.28484726	-2.78467369	-2.38087201	-15.17790985	0.72853124	-0.42711914	-0.04978711
00000514	-4.33207512	-1.22327864	-0.65114284	-5.43155146	1.00291395	-8.41752720	0.66975003	-0.31095704	0.03090234
00000515	-4.33385038	-2.11976528	-1.36919761	-2.96320915	1.91715920	-12.58974457	0.64303124	-0.19836915	0.05665430
00000516	-4.13877392	-1.11974823	-0.54816729	-6.87780857	2.10408211	-11.09316254	0.61809373	-0.11616211	0.04291992
00000517	-3.23174572	-1.12884736	-1.47195125	-3.56591606	6.47999811	-6.97726107	0.55575001	-0.01429688	0.03776953
00000518	-2.83471298	0.89426726	-0.30115911	-0.68178976	6.37575245	-8.33484936	0.51656252	0.05003906	-0.43950000
00000519	-2.15449715	1.94677067	-0.33544731	-2.00942254	7.51166916	-4.80607843	0.51656252	0.11794922	-0.06523828
00000520	-3.71610832	4.13566685	2.43657041	-4.75335646	5.82696581	-10.48206806	0.55753124	0.15547852	-0.11159180
00000521	-2.58171272	3.48374748	1.97151589	-0.91065061	9.46357727	-5.26859331	0.62700003	0.15011719	-0.19914845
00000522	-2.97685909	3.10435796	2.81263089	0.53800279	10.50483418	-4.07516146	0.69112504	0.13939454	-0.28842187
00000523	-3.87734032	3.29543972	5.05789757	0.52122766	11.81089878	-5.80180311	0.78731251	0.11080078	-0.39829689
00000524	-2.95832801	1.96208382	4.40331459	7.79684687	16.16884041	0.39781052	0.82471877	0.04110352	-0.45495117
00000525	-3.06097054	1.48093939	6.22935534	6.45004225	13.38057327	-0.89627194	0.86568749	-0.13939454	-0.54937500
00000526	-2.44311738	1.27110457	7.13949060	6.48958397	10.94098759	0.01437869	0.87459373	-0.27700195	-0.54422462
00000527	-2.89252567	1.06948102	7.14071131	4.11110830	4.48735094	0.77884591	0.72140628	-0.45213866	-0.55452538
00000528	-0.93010896	0.76776713	5.69516993	7.48530817	0.48647913	2.55341649	0.62343752	-0.56472659	-0.54594141
00000529	-1.50690520	1.20663381	7.13582897	3.79837155	-4.22613764	0.10544375	0.43462500	-0.62548828	-0.51160550
00000530	-0.09509704	0.65336215	5.90411711	8.64279366	-1.01369786	2.04536915	0.30281252	-0.61833984	-0.52190626
00000531	1.06371093	-0.07567815	4.41496611	0.65662700	-6.49317837	6.25233555	0.13181250	-0.54328126	-0.52877343
00000532	0.25499767	1.51189864	5.99621773	0.22646444	-5.53100443	0.68778086	0.04809375	-0.49681640	-0.54422462
00000533	1.83158898	-0.86108869	3.19756866	2.66964412	-4.89714336	7.23847437	-0.07837500	-0.35384765	-0.57684374
00000534	1.03053236	1.50535178	4.71457148	-6.20680285	-6.21638870	4.14346027	-0.08193750	-0.30738282	-0.55967581
00000535	1.96918559	0.68032664	2.18989515	-4.41785383	-4.63832712	5.58013153	-0.11756250	-0.21087891	-0.52877343
00000536	2.48373055	0.37428507	1.31815374	-5.35246897	-4.15184784	5.22545719	-0.13003126	-0.11616211	-0.54765821
00000537	1.18910134	2.22118711	2.52445459	-7.47212791	-0.87110919	7.05874062	-0.11221875	-0.06254883	-0.51675588
00000538	1.04517972	0.61274898	0.72582233	-6.24035311	-5.39201021	4.12548685	-0.11756250	-0.03216797	-0.44980079
00000539	4.77138567	3.44313431	1.68245196	-7.39424324	-0.27439341	4.63353395	-0.08371875	-0.00893555	-0.42404884
00000540	0.82757729	4.05854654	-1.66014802	-13.06903458	-1.18624222	4.24530935	-0.08193750	0.01787109	-0.30558985
00000541	0.29638761	2.68069339	-4.27315283	-9.66847324	-2.29220343	2.99316478	-0.06768750	-0.01072266	-0.21975000
00000542	-0.03528688	1.54430044	-0.06147463	-8.71348858	-1.27850556	2.14961481	-0.04275000	-0.09650391	-0.14421093
00000543	0.74923593	-0.05603734	2.34491324	-9.18439102	-2.21192241	0.39062119	-0.03740625	-0.11258789	-0.14936133
00000544	-0.10785802	1.55783820	-0.34643286	-11.74260044	-3.97331238	0.94420087	-0.01246875	-0.05182617	-0.11845899
00000545	-0.70496088	1.12673903	-3.21787524	-9.46956825	-4.20816422	-1.55050254	-0.02671875	-0.07327148	-0.10815820
00000546	-0.54916596	0.74879211	-2.27666974	-9.69004154	-4.28245449	1.40192270	0.03740625	-0.14475586	-0.07725586
00000547	-0.04316540	0.77242762	-1.40370774	-9.36412430	-5.64243889	-1.65954089	0.02315625	-0.14833008	-0.08755664
00000548	-0.24079414	1.32192647	-3.14841104	-7.60992384	-8.12396240	-2.73554659	0.03918750	-0.19658203	-0.05493750
00000549	0.64614946	2.89186001	-4.75252151	-7.12344456	-6.58064890	0.49846140	0.06412500	-0.23947266	-0.06523828
00000550	-1.81694162	-0.80127853	-3.80199528	-3.50121188	-7.30078173	0.66980749	0.15675001	-0.31810546	-0.00686719
00000551	-6.50943136	-1.98827159	-1.94310880	-1.80572426	-4.25130033	-2.78107905	0.17456250	-0.30380860	-0.01373438
00000552	-4.98732376	-0.39314914	0.30415517	-1.22937834	-11.11113548	-9.81585503	0.11221875	-0.19836915	0.01201758
00000553	0.36041445	3.70534468	-4.24840736	-4.39388943	-8.69551468	-6.51235008	0.11221875	-0.18049805	-0.01201758
00000554	-0.05082199	-0.94286996	-2.45887423	1.21619785	-5.07208443	-4.51011705	0.17990625	-0.23768555	0.03948633
00000555	-2.43024540	3.40928984	-1.72029102	-1.23417127	-10.30952358	-10.94937515	0.18703125	-0.23053712	0.03948633
00000556	1.54840612	-0.38837764	-4.74397755	4.32559061	-3.76002836	-4.92470264	0.21731250	-0.22875001	0.06180469
00000557	-1.56383026	1.77810383	-1.38695204	3.68214393	-5.70354843	-7.57996798	0.28500000	-0.25734374	0.08240625
00000558	1.04917443	-0.27730164	-1.58336020	4.86838627	-4.10751343	-6.79752731	0.31884375	-0.28415039	0.09099024
00000559	-0.20694980	1.27476633	-1.60133648	6.44285297	-4.11829758	-6.30146265	0.31171876	-0.27342772	0.06695508
00000560	0.49312863	0.33655697	-0.18198267	5.96595955	-3.75044274	-7.30317831	0.34378126	-0.29487306	0.07725586
00000561	0.47726065	0.08788431	-1.10643244	8.66076660	-4.57841587	-5.82337093	0.34200001	-0.27521485	0.07210547
00000562	0.34487936	-0.16467212	0.91845763	5.56695080	-3.97091603	-4.64072323	0.36693749	-0.31810546	0.08583985
00000563	0.86652601	-0.43143207	-0.33089775	5.85692120	-4.82525015	-6.86103344	0.37228125	-0.33061522	0.09099024
00000564	2.01146317	0.46350098	-0.11984225	6.44405127	-4.78211403	-7.69140291	0.36515626	-0.33776367	0.06695508
00000565	2.79909325	0.65036613	-0.74291092	6.47041225	-6.87301588	-8.16350365	0.37940624	-0.39137694	0.04978711
00000566	4.91430855	0.87762249	-1.98638523	7.09109259	-5.27338600	-5.07567883	0.43818751	-0.47537109	0.03433594
00000567	5.24265432	2.01434827	-1.86510038	7.16538239	-5.57294226	1.72903788	0.47381249	-0.53970706	-0.03433594
00000568	4.53847027	1.03585863	-1.83358634	8.70390224	-3.64619708	1.11554694	0.53437501	-0.58974612	-0.16481251
00000569	4.55633545	0.85520756	-2.41648579	7.93943548	-3.32986593	3.72647810	0.59137499	-0.63263673	-0.26438671
00000570	3.93015981	1.07203329	-2.17569160	9.56063366	0.28997034	1.00531030	0.65371877	-0.57723635	-0.37597853
00000571	6.23290634	1.10399115	-3.37810874	6.65613699	-0.50565076	2.95122695	0.65906250	-0.55757815	-0.48757032
00000572	6.00964451	1.85511351	-4.14410019	7.95980549	6.28588581	0.68418616	0.71250004	-0.45392579	-0.58714455
00000573	7.14048958	0.93809843	-3.45212245	3.57550192	5.71313429	3.06505823	0.72140628	-0.29487306	-0.69530272
00000574	6.67643356	0.13648699	-4.94027472	5.90485048	14.55243683	0.51284009	0.69468749	-0.15011719	-0.72448826
00000575	1.28242302	1.34079063	0.31214467	2.90329790	6.98564863	-2.69480681	0.64481252	0.03216797	-0.70388675
00000576	2.98862147	0.89038348	-2.56939554	3.63181853	11.85882759	-1.35519195	0.64303124	0.06254883	-0.70903713
00000577	1.17600751	0.56392431	-0.50966245	2.10647869	9.57621002	-2.68761754	0.56287503	0.13582031	-0.65581644
00000578	-0.68110341	0.71883154	-0.19052698	2.99436307	11.92832470	-0.34149399	0.53793752	0.13224609	-0.64894921
00000579	-3.06396675	0.03173600	1.04129589	2.46354961	12.91566181	2.74752879	0.53081250	0.14296874	-0.69015235
00000580	-5.45703888	-0.83578867	2.31129074	2.70199633	9.32937622	0.25402358	0.55040628	0.06969727	-0.71247071
00000581	-4.89633226	-0.71927541	2.62809610	4.68385935	10.06268883	3.73127103	0.60384375	-0.06969727	-0.77770901
00000582	-7.18886995	-1.80873013	2.07560110	4.98461390	11.18902016	6.27270508	0.63234377	-0.17692383	-0.78114259
00000583	-7.21039724	-1.53453553	4.25262403	4.93548679	5.80300140	2.96800208	0.60206252	-0.38601562	-0.72448826
00000584	-6.77075386	-1.78498363	2.99317098	7.86394739	4.72579718	3.40894866	0.62878126	-0.52004886	-0.59572852
00000585	-7.21206188	-0.54306293	5.51673794	5.73470259	-1.05323935	-0.78603524	0.56999999	-0.62548828	-0.40516406
00000586	-4.50751066	-1.07425261	3.12144661	5.62806034	-4.59878540	-1.02328372	0.46846876	-0.63799804	-0.25236914
00000587	-4.47477627	-0.50378126	4.28036547	3.24718833	-9.01544094	-2.73794293	0.37050000	-0.57902342	-0.14764453
00000588	-0.46660799	-0.38826668	3.03456092	5.76945114	-6.63337088	-2.72476244	0.31884375	-0.54506838	-0.08068945
00000589	-0.49412733	-0.16211993	3.21044064	2.21791363	-8.36959839	-0.82917136	0.25115624	-0.49860352	-0.07382227
00000590	1.13927805	-0.10941153	4.01271772	1.13951147	-9.11609173	-2.56420040	0.17990625	-0.46643555	-0.10129102
00000591	2.29120612	-0.97982132	2.74771643	-2.74273586	-11.27768898	0.57754421	0.08550000	-0.41818359	-0.13391016
00000592	2.93324995	-0.97394013	3.72187853	-2.83380103	-9.45758629	1.26053214	0.05343750	-0.40746093	-0.17167969
00000593	3.99396467	-1.30561471	-0.45872948	-7.26962805	-13.71487713	2.69480681	-0.01959375	-0.37350586	-0.26953712
00000594	7.12872696	-4.99142933	2.25869346	-4.63113785	-4.82285357	12.04455280	-0.03740625	-0.40209961	-0.36911133
00000595	4.29090691	-6.64536333	0.03473206	-1.05323935	-6.53751278	4.36273527	-0.04809375	-0.35563478	-0.58199412
00000596	6.10773754	-6.02662230	0.32368502	1.36837232	0.89028078	11.90675640	0.03028125	-0.28415039	-0.70216995
00000597	3.32085085	-6.79982662	2.26279902	3.72168517	0.24204135	8.07124043	0.15318750	-0.15369141	-0.83436328
00000598	3.20333886	-7.21416998	1.72617221	6.21758699	2.71996951	7.87473154	0.29746875	-0.06969727	-0.87041605
00000599	0.52919227	-6.45095253	1.30261862	4.44061995	-2.23468876	2.96920037	0.52190626	-0.06969727	-0.80861133
00000600	1.58502460	-6.34708929	-1.45741487	10.68936062	2.88053179	-2.66005826	0.66262501	-0.06076172	-0.73822266
00000601	-0.66290516	-4.17006636	1.49469912	7.87233496	3.30829787	0.17374255	0.72675002	-0.00357422	-0.65238279
00000602	0.02463424	-5.36327314	-2.17158580	3.94814968	-4.13028002	-9.14245319	0.81046873	-0.05540039	-0.58199412
00000603	-0.94708663	-4.23320532	-1.97318029	6.82987976	5.50104856	-5.09724712	0.84787500	-0.01072266	-0.43950000
00000604	-2.44677925	-2.46564317	-2.80941296	2.53903770	1.75180423	-10.13937569	0.81759375	0.02323242	-0.38627931
00000605	-0.97316343	-1.24746895	-4.00838995	3.17888951	7.65186167	-6.90776396	0.74990624	0.08399414	-0.34507617
00000606	-5.04302835	0.13104971	-1.31293833	3.78279471	9.51989365	-7.27082634	0.73031253	0.13939454	-0.35709375
00000607	-4.18770981	0.52153569	-1.66236722	4.95825291	11.86362076	-4.30162573	0.66618752	0.18585938	-0.47383595
00000608	-6.29748774	0.23646650	0.53906816	2.55221820	11.65033627	-3.80795741	0.62700003	0.13939454	-0.58714455
00000609	-5.01639652	1.10965037	1.27343476	2.54862356	11.11832523	0.13779582	0.61631250	0.06076172	-0.68671876
00000610	-6.61462593	-0.31835869	3.06596398	2.16878629	11.66471577	1.58285451	0.64125001	0.00000000	-0.74852347
00000611	-7.19142246	0.42643866	3.90585852	1.90517700	9.46357727	5.91803074	0.66262501	-0.22517578	-0.74852347
00000612	-6.70916843	-0.42654961	3.97132778	5.76226139	7.02758646	4.06078291	0.64125001	-0.36099610	-0.72792190
00000613	-7.21239471	0.09665055	3.04543543	4.34116745	0.47689334	4.16982126	0.59493750	-0.53613281	-0.59401172
00000614	-3.76260257	-0.80127853	3.61579585	6.32542706	-2.50309086	3.06266189	0.54328126	-0.62727541	-0.47555274
00000615	-3.48674345	0.33933109	1.72939014	3.99248409	-6.09536791	5.60888863	0.47915626	-0.63799804	-0.42061523
00000616	-3.18980098	-0.29083937	2.62765217	5.62806034	-3.82233620	4.80847502	0.46312499	-0.63263673	-0.30215624
00000617	-3.08582687	-0.50810891	2.36644053	3.78998399	-6.17085600	4.95346022	0.40078124	-0.64514649	-0.25923634
00000618	-2.80741549	-1.25301719	4.39765549	3.82113791	-4.75575304	1.24974811	0.31528124	-0.57723635	-0.18713087
00000619	-2.39518046	-1.63984132	4.09571981	-1.22698188	-10.23643208	0.23964490	0.23512501	-0.53970706	-0.11674219
00000620	0.84977031	-2.38519359	2.77856469	-1.70387518	-10.94338417	1.04604995	0.12468750	-0.47537109	-0.16137891
00000621	1.90482593	-1.92568731	1.99481857	-3.18008780	-13.78677082	-1.12393463	0.06412500	-0.43605468	-0.20601563
00000622	6.95118284	-2.47529721	-3.06685185	-5.35606337	-13.44647503	1.35039902	0.00000000	-0.43962890	-0.28842187
00000623	6.99246216	-4.26172352	-2.41925979	2.80863810	-3.95653725	4.11110830	0.03740625	-0.51647460	-0.43778321
00000624	7.13116837	-1.88551795	-3.22275758	3.22801685	-1.20421565	5.01696587	0.14071876	-0.49145508	-0.65066600
00000625	7.11174965	-3.22963738	-1.50002539	3.21962929	3.80795741	11.06440449	0.20484374	-0.40924805	-0.76397461
00000626	5.56167889	-4.83274937	0.26531741	3.95653725	2.00103498	7.22649193	0.28500000	-0.25019532	-0.83779687
00000627	6.01852179	-3.37067413	-1.14016581	6.98085594	5.66520548	3.49522090	0.38831249	-0.14654297	-0.85153127
00000628	3.27335763	-3.73841214	-0.50333744	7.56558943	7.43138838	1.02448189	0.47737500	-0.01072266	-0.80689454
00000629	2.68335652	-2.50203967	-0.81237507	5.12240982	5.37763166	1.02927482	0.56109375	0.04825195	-0.76054102
00000630	1.46828938	-3.54233694	-0.70307451	7.46374035	8.95073700	-4.69104910	0.57356250	0.08220703	-0.66611719
00000631	0.71772188	-2.92792344	-2.33437157	3.02312040	8.92197990	-0.42896438	0.59315628	0.14118165	-0.63006449
00000632	-1.17290044	0.24234764	-1.23626149	4.52689219	9.46717167	-3.04828310	0.60562503	0.16441406	-0.58371097
00000633	-3.50527477	-1.29873478	-1.53464651	4.85041285	12.55499649	-3.19566464	0.60206252	0.13939454	-0.61804688
00000634	-6.61817694	0.40957198	0.83456808	1.90637517	9.26227570	-0.43016258	0.59671873	0.10186523	-0.70903713
00000635	-4.07630062	-0.18275942	-0.63083625	3.58149290	11.05122471	2.96560550	0.58603126	0.02323242	-0.75024027
00000636	-5.48100710	-0.57724011	1.00501037	4.15064955	12.04934502	4.77732086	0.59850001	-0.07505859	-0.80002737
00000637	-6.60774612	-1.31016421	2.06372786	4.42983580	9.16162491	4.36513186	0.60740626	-0.19479492	-0.78457618
00000638	-6.60552692	-1.05860651	2.68768430	4.60118198	6.80471706	4.76773548	0.60918748	-0.38601562	-0.75195706
00000639	-6.03771877	-0.97971034	2.52301216	6.44285297	3.79477692	3.54914093	0.60740626	-0.48073244	-0.65066600
00000640	-5.59430265	0.28007576	3.47120833	4.93548679	-0.78843170	4.69464350	0.58246875	-0.58081055	-0.53735745
00000641	-3.78202152	0.05159874	1.98449874	6.08698034	-4.76294231	3.68214393	0.52546877	-0.64514649	-0.41374806
00000642	-3.97709799	0.03539785	2.17402697	6.04624081	-3.57070899	4.93069363	0.48093751	-0.63263673	-0.31932423
00000643	-3.08837891	-0.21549411	2.12875342	4.11709929	-8.20184708	2.19994020	0.42571875	-0.63799804	-0.24206837
00000644	-2.29608870	-0.52730584	2.11787868	3.78279471	-7.96579647	2.52346087	0.37050000	-0.62548828	-0.16137891
00000645	-0.22015464	-0.33200741	2.19000602	3.78519106	-9.13166904	0.22047330	0.32775000	-0.60761720	-0.17511328
00000646	0.99369192	-1.00345683	1.49880481	-0.75248498	-15.56014347	-2.64088678	0.24759375	-0.55221683	-0.14592774
00000647	6.89592266	-1.09744430	-0.55571294	2.87454057	-7.98736429	2.25026560	0.23868750	-0.58617187	-0.25408593
00000648	5.63214159	-2.84647512	-1.46362889	2.46714425	-7.52964258	4.12069416	0.24759375	-0.60583007	-0.43778321
00000649	7.12928200	0.20672788	-2.17447090	5.57653666	1.27371264	9.68045521	0.29034376	-0.59868163	-0.54079103
00000650	4.12512541	-3.74573588	-0.85198957	5.85572290	-3.67135978	3.20644879	0.32596874	-0.49860352	-0.68156838
00000651	3.42826486	-1.38329017	-0.54450548	5.88088560	2.87094593	9.33297062	0.40078124	-0.46286133	-0.72620511
00000652	3.88510799	-0.94375765	-1.18732595	7.60632896	5.16914034	7.03118134	0.45778126	-0.37708008	-0.81204492
00000653	2.89230371	-1.02986658	-0.13349095	5.57054567	2.21072412	5.39919949	0.46134377	-0.30559570	-0.79487693
00000654	2.02000761	-0.55194008	0.32346308	7.42659521	6.47999811	5.12840080	0.50765628	-0.27700195	-0.82921290
00000655	4.78270435	-1.64183879	-1.49769509	6.78674364	6.01029396	3.42812037	0.49696875	-0.17334960	-0.82921290
00000656	1.64550054	-0.62717444	0.23302658	7.50328159	7.87353325	2.94283938	0.55396873	-0.09829102	-0.82577932
00000657	1.89961052	-0.43997639	-0.56991643	7.62430239	9.59777832	2.90449619	0.54150003	-0.00357422	-0.76569140
00000658	0.64548361	-0.36241183	0.13681990	6.77715778	5.99591541	-0.31273660	0.58781248	0.01072266	-0.77942580
00000659	0.30315650	-0.20939103	0.50633347	6.38294172	7.48530817	2.31496978	0.60562503	0.01787109	-0.75882423
00000660	0.69941264	0.06358297	0.06680095	6.32063437	6.91734982	1.04245532	0.58603126	0.00536133	-0.76397461
00000661	-3.88299966	1.40171039	-0.23691036	8.87165451	13.67893124	3.26516175	0.57890624	0.01965820	-0.73650587
00000662	-5.90034389	1.80207229	0.76898772	6.63217258	6.32902193	2.10887504	0.56287503	-0.03931641	-0.79316014
00000663	-7.20640278	2.06084275	1.92080486	6.80591488	6.78794193	3.81035399	0.51300001	-0.22875001	-0.83436328
00000664	-7.21017551	2.07493520	2.31517458	5.83175850	-0.61708564	3.34184813	0.44709376	-0.40567383	-0.76054102
00000665	-4.98699093	1.69144011	1.00523233	5.71313429	-2.60134530	5.60169935	0.40434375	-0.57723635	-0.64036524
00000666	-4.23364925	1.09822094	2.02710938	5.25421429	-5.28896284	3.82473254	0.35090625	-0.59153318	-0.56825978
00000667	-3.09947562	1.08734643	0.76765615	5.19310474	-3.70251369	6.87780857	0.29568750	-0.61833984	-0.45666796
00000668	-2.54243112	0.66368192	0.74368769	3.42931843	-8.70629883	3.75643373	0.30103126	-0.64514649	-0.37941211
00000669	-3.09303951	0.69985652	0.99568933	3.36341619	-8.18147659	3.51559067	0.27609375	-0.64514649	-0.31417382
00000670	-0.86430669	0.50300455	0.36873683	2.95482159	-9.15922832	3.55992508	0.25115624	-0.58438480	-0.29013866
00000671	-1.85766578	0.37561667	0.79462063	3.71329761	-8.27134323	2.31856441	0.25828126	-0.59510744	-0.23520118
00000672	0.24035028	-0.14070368	0.19163662	1.89079821	-11.08597279	1.88121247	0.27965626	-0.56651366	-0.22146679
00000673	1.87630785	-0.81925488	-0.43109918	3.24838662	-10.49045563	-0.14019227	0.27253124	-0.59153318	-0.21459961
00000674	4.06753445	-0.92833352	-0.95696253	4.10152245	-8.49181652	1.87402308	0.25115624	-0.61297852	-0.26266992
00000675	3.00571012	-0.77076316	-0.81381762	5.49745417	-1.72424507	9.56542587	0.28143752	-0.62906253	-0.40516406
00000676	2.29120612	-0.07922904	0.10563872	5.21946573	-5.54897785	4.90313482	0.26896876	-0.62370116	-0.45495117
00000677	-0.28407049	-0.74246711	0.85420889	5.14277935	-5.91922903	3.67375636	0.27075002	-0.63263673	-0.48070312
00000678	4.65997696	-0.46938211	-0.98381603	0.58113885	-7.21211338	10.24362087	0.27787501	-0.63263673	-0.49787110
00000679	3.37944031	-0.44885358	-0.75134426	5.43634462	-2.28022122	5.61368179	0.29746875	-0.54864258	-0.63006449
00000680	3.12155747	-0.50278258	-0.68620783	4.89594507	1.34201145	10.67378330	0.32062501	-0.55042970	-0.67298436
00000681	2.00857830	-0.33411574	-0.29683149	5.49505758	0.15217452	7.04196548	0.35981250	-0.48251954	-0.74165624
00000682	1.76955950	-0.49734530	-0.38005525	5.83175850	2.36769152	8.35042667	0.35625002	-0.44677734	-0.74165624
00000683	2.24027324	-0.54739052	-0.51876158	5.03134441	1.45943737	7.82919884	0.37762499	-0.39673829	-0.78629297
00000684	1.34056866	-0.24478889	-0.21704762	5.91683245	4.18659639	8.49660969	0.37940624	-0.35920900	-0.82234573
00000685	0.33922014	0.27885514	-0.03650750	5.34887409	4.34236574	9.15084076	0.39721876	-0.35563478	-0.80174416
00000686	-5.04968596	0.97305244	0.50156200	7.05993891	6.32662535	7.76569271	0.41146874	-0.36993164	-0.79831058
00000687	-2.64629436	1.33735061	0.08744045	4.39748383	-0.92622751	7.15579653	0.36515626	-0.45928711	-0.73650587
00000688	-4.58762789	1.20030880	0.83490098	5.07567883	-0.26241118	6.88020515	0.32596874	-0.53434569	-0.69530272
00000689	-2.10090113	1.06626308	-0.08699659	4.44181824	-2.07772136	7.84477568	0.29212502	-0.56830078	-0.59744531
00000690	-3.10236049	0.95141423	0.78274739	2.51866794	-5.45671415	7.61351824	0.27431250	-0.58259767	-0.57341015
00000691	-3.41117620	0.47404265	1.04695511	4.09193659	-3.59587169	6.66811943	0.27253124	-0.62012696	-0.48928711
00000692	-1.93955791	0.44252858	0.63061434	2.23229218	-7.17257166	6.90177298	0.28143752	-0.62906253	-0.43606642
00000693	-2.30629730	0.32313019	0.67766351	3.30829787	-5.53340054	6.72084093	0.23334375	-0.60940433	-0.38627931
00000694	-1.07758152	0.15868001	0.56314760	2.19275093	-9.25388813	4.36393356	0.24403125	-0.59868163	-0.34164259
00000695	-1.34300983	0.23413624	0.60143054	2.88292813	-7.37866640	5.19310474	0.21196875	-0.60583007	-0.31417382
00000696	0.13582121	-0.08511019	-0.07168341	2.42161179	-8.79736423	4.19019127	0.23156250	-0.58974612	-0.28498828
00000697	0.00277413	-0.26365292	0.05514963	2.58217382	-8.72666931	4.21655178	0.22443751	-0.59332031	-0.29872265
00000698	0.09653959	0.21760245	0.51565456	1.99744022	-9.83023357	3.48323870	0.21375000	-0.56115234	-0.27812108
00000699	2.41004968	0.10108915	-0.53962296	1.74102020	-8.14912510	5.76226139	0.21018749	-0.58259767	-0.31589064
00000700	3.05497861	0.58556253	-0.43620357	4.03801632	-3.98529458	5.50104856	0.23156250	-0.59332031	-0.40516406
00000701	1.71895945	0.48780233	0.49401635	1.16347599	-5.73350430	8.15152168	0.22978126	-0.64157230	-0.44121680
00000702	0.21926692	0.55992961	0.09742731	1.52174509	-3.42093086	9.25508595	0.20484374	-0.59868163	-0.46525195
00000703	-0.19163662	1.05394590	0.44996324	0.97176003	-4.68985081	7.74172831	0.19593750	-0.60761720	-0.46010157
00000704	1.31626725	0.75156623	0.06136367	-0.26600584	-5.69995403	7.87592936	0.17100000	-0.60404295	-0.44980079
00000705	2.55652356	0.13415673	-0.33489248	-0.51883119	-3.85708475	9.89254093	0.18346874	-0.58795899	-0.49615431
00000706	2.30918241	-0.16811204	0.11540364	0.49247026	-0.96217424	10.46049976	0.19415624	-0.59510744	-0.53049022
00000707	1.46429467	-0.13415673	-0.01242808	0.15097629	-1.74940777	9.89493752	0.19059375	-0.56293947	-0.59572852
00000708	0.55493617	-0.02241494	0.34421355	1.29528069	-0.38702652	9.66128445	0.22087499	-0.54685545	-0.61804688
00000709	1.30472696	-0.09554090	0.04605049	0.98853523	-1.98785448	8.49900627	0.21553124	-0.52362305	-0.61633009
00000710	0.75422937	-0.01975178	0.28695560	1.28210020	-0.21088751	9.34375477	0.18703125	-0.49860352	-0.66783398
00000711	1.09411526	-0.01009782	0.14081463	1.17665648	0.09465974	9.43362141	0.17634375	-0.48430663	-0.66783398
00000712	1.59290314	-0.04826979	-0.38915440	0.61349094	0.64823943	9.72359180	0.19237500	-0.46107423	-0.69358593
00000713	2.51535559	-0.47426459	0.11695715	0.51044363	0.53920102	8.72427273	0.19415624	-0.43069336	-0.71247071
00000714	1.99160051	-0.41689566	0.04782593	0.93341690	2.97399330	9.64570713	0.20128125	-0.41639650	-0.75367385
00000715	3.07550716	-1.19065487	-0.34432453	1.46782506	4.42504311	8.19345951	0.19593750	-0.35384765	-0.77255863
00000716	2.23405910	-1.11930442	0.32834557	0.75488144	3.54195166	8.31927299	0.24225000	-0.30380860	-0.80689454
00000717	3.05231547	-1.39693892	0.11973128	2.47193718	8.76501179	8.67993832	0.25471875	-0.22696289	-0.82921290
00000718	3.12000394	-1.84679115	0.08377860	2.14242530	5.43874073	4.84442139	0.31528124	-0.16620117	-0.84981447
00000719	2.91660523	-2.15483022	0.44896457	4.00206995	10.11181641	4.99060488	0.32596874	-0.08399414	-0.86011523
00000720	3.83628345	-1.86521137	-0.08422247	3.34783912	7.65545607	2.07652307	0.41859376	-0.01965820	-0.82577932
00000721	2.71731186	-1.43511081	0.42122328	5.11402225	9.14245319	-1.62239599	0.44531250	0.06076172	-0.78285939
00000722	2.99183941	-2.15205598	0.41068161	4.10871172	11.38433075	2.35810590	0.48093751	0.14296874	-0.71762109
00000723	2.51801872	-1.23215580	0.07201631	4.10871172	6.79752731	-4.80607843	0.52190626	0.13403320	-0.67813480
00000724	0.42155617	-2.22884369	1.01976871	3.64140415	9.84221554	-2.38686323	0.56465626	0.17692383	-0.61289650
00000725	1.66669488	0.07112859	0.09831502	3.10939264	7.32834101	-3.37060547	0.55396873	0.18049805	-0.60946292
00000726	-0.69164509	0.64337528	0.39348203	5.75866699	9.54625416	-6.75319338	0.56999999	0.17156251	-0.58371097
00000727	-2.51502275	1.17667329	0.18697609	5.35726166	10.88467121	-2.13883066	0.56821877	0.17334960	-0.60946292
00000728	-6.18419266	2.64340925	2.09424329	4.25249863	6.77476120	-4.46218777	0.57534373	0.08041992	-0.71247071
00000729	-5.01750612	2.17580247	0.18553355	4.53288317	10.41017437	4.10032415	0.53259373	0.04467773	-0.77427542
00000730	-5.11815166	2.50559068	0.38227457	4.02843094	4.55085659	3.80316448	0.45778126	-0.13403320	-0.84638089
00000731	-5.01650763	1.37308145	-0.02585485	4.64311981	6.44165468	7.52964258	0.42571875	-0.21624024	-0.83264649
00000732	-3.47819924	1.10044026	-0.48791328	4.47656679	3.58988047	7.18455410	0.37762499	-0.28951171	-0.82406253
00000733	-4.30988216	0.92200851	0.50056332	3.91939235	2.39764714	7.84118128	0.37406251	-0.40031251	-0.79659379
00000734	-2.13518929	0.69486308	-0.54639184	3.84869695	1.79254389	9.26107693	0.35268751	-0.45035157	-0.75195706
00000735	-3.02890182	0.77775395	0.17998530	2.82541347	0.09465974	9.64930153	0.33487502	-0.48609376	-0.73135549
00000736	-2.80552912	0.83822989	-0.50244969	3.56591606	-0.04193786	9.21794128	0.34556252	-0.53613281	-0.66268361
00000737	-3.28223491	0.94986075	-0.76310658	2.00103498	-2.48871231	9.62773418	0.33487502	-0.59689456	-0.62491405
00000738	-1.71829367	0.95995855	-0.30193588	1.92195213	-5.32490969	8.10239410	0.33843750	-0.61476564	-0.52533984
00000739	0.04127900	0.21893403	-0.65658015	1.92434847	-4.47776508	9.18918324	0.32775000	-0.62548828	-0.48757032
00000740	-0.95751733	0.09010361	-0.44652331	2.92846060	-3.07224751	9.60976028	0.39899999	-0.61119139	-0.48070312
00000741	-0.03062635	-0.01964081	-0.41867110	1.56248474	-4.95825291	10.20767403	0.38118750	-0.64693362	-0.45666796
00000742	-1.27565408	-0.15601684	-0.29727533	3.38498425	-4.42384481	8.14792633	0.40968749	-0.63978517	-0.45666796
00000743	-0.47004792	0.03783908	0.13881727	2.95122695	-5.73590040	7.76808929	0.43106249	-0.62548828	-0.43263280
00000744	0.07811939	-0.24301344	-0.31092405	3.83072376	-6.36496830	5.22665501	0.42750001	-0.63621092	-0.41546485
00000745	3.28478718	-1.17301142	0.98880947	2.89371204	-6.97366667	5.40758705	0.43996876	-0.62727541	-0.43434963
00000746	6.69873762	-0.33078679	-1.46207535	4.40107870	1.09637547	9.02263069	0.42393750	-0.61833984	-0.50130469
00000747	4.15830374	-1.06792760	-0.38282940	4.85760212	0.91184884	7.00482035	0.46134377	-0.52004886	-0.67470115
00000748	4.15974665	-0.22492614	-0.28540209	4.55205488	4.08714390	8.65118122	0.49162501	-0.48609376	-0.72105467
00000749	2.84802866	-0.13770762	-0.20484146	4.87677383	5.93001318	7.64467239	0.50587499	-0.36457032	-0.78972656
00000750	2.01734447	-0.08355667	0.04760400	5.17153692	6.47760153	5.99471712	0.46846876	-0.31274414	-0.81204492
00000751	1.85844254	-0.00810045	-0.45939526	4.55445147	8.12755680	7.22649193	0.46668750	-0.25376955	-0.83436328
00000752	-0.47104660	0.16744624	0.63416523	4.06437731	7.40382910	6.68729067	0.46490625	-0.22696289	-0.82921290
00000753	-2.13108349	0.19785066	0.57113707	3.91819406	7.48890305	7.89510107	0.50231248	-0.26091796	-0.82749611
00000754	-1.72595024	0.33067581	1.15203905	4.31121159	2.80504346	3.61743975	0.45778126	-0.27342772	-0.80861133
00000755	0.33799952	0.13715279	0.26698190	3.70730662	4.29922962	7.84717226	0.47025001	-0.32525390	-0.83436328
00000756	-0.22126429	0.07667685	0.19574232	4.47297192	4.57122660	7.48171377	0.46312499	-0.32525390	-0.80346096
00000757	1.54507720	0.41622987	-0.18753092	3.48204041	2.00702596	6.45603371	0.41681251	-0.31810546	-0.82062894
00000758	1.30217481	-0.39692196	0.31625035	5.28177357	6.00310469	6.34220219	0.47559375	-0.31274414	-0.83264649
00000759	5.23699522	0.31358722	-0.83068430	3.71569419	7.84837055	7.58955383	0.47381249	-0.23232423	-0.81719530
00000760	1.69776511	-0.26576129	1.43710828	5.54178810	8.30489349	2.86016178	0.43996876	-0.13760743	-0.85668164
00000761	3.15251684	-0.06768867	-0.02019564	5.28536844	12.26382732	5.75027943	0.47737500	-0.07505859	-0.83436328
00000762	-1.69055235	-0.09110229	1.13428462	4.52809048	8.03289700	3.53715873	0.47915626	-0.02680664	-0.79487693
00000763	-0.41634083	0.21959981	0.23868580	5.31772041	8.24378490	3.10939264	0.48271877	-0.07327148	-0.81547850
00000764	-2.36222386	0.65735692	0.24956037	4.20337152	9.98360634	7.58715725	0.46490625	-0.08399414	-0.82234573
00000765	-5.24598312	0.70329642	0.89526594	5.62925863	6.28348923	2.85417080	0.44353124	-0.17334960	-0.84294724
00000766	-5.15188503	0.63738316	0.83745319	5.06968784	5.14877081	6.81070805	0.43284374	-0.28772461	-0.82577932
00000767	-4.83419180	0.72038502	-0.12994006	5.45551634	4.77732086	8.55532265	0.41503125	-0.43069336	-0.76740819
00000768	-5.65355778	0.84022731	0.85753781	4.51131535	-0.29476324	6.85384417	0.39365625	-0.47715822	-0.72963870
00000769	-5.22256947	0.74746048	0.71006531	4.75215816	-1.51096106	7.12224627	0.35981250	-0.57187498	-0.61804688
00000770	-3.98619723	0.67744160	0.86230934	3.93017626	-5.61008692	5.37763166	0.33665624	-0.62370116	-0.51675588
00000771	-2.77967429	0.48746943	0.53840238	3.41014695	-6.09297132	6.31943607	0.34912500	-0.63263673	-0.43950000
00000772	-3.09192991	0.47615099	0.56059539	4.12189245	-5.25181818	6.18283844	0.31706250	-0.63263673	-0.37082812
00000773	-3.24017906	0.29006261	1.28697252	2.65286899	-8.07124043	4.75455475	0.33843750	-0.63263673	-0.30902344
00000774	-2.59502840	0.25455379	0.83334744	3.45567942	-7.87113667	3.35143399	0.30815625	-0.59868163	-0.23176758
00000775	-1.46429467	-0.09820406	0.34598899	2.38925958	-10.62226009	2.51267672	0.29212502	-0.60404295	-0.17511328
00000776	-1.26999485	-0.47337687	0.57601953	2.60374188	-10.32030773	1.34201145	0.27965626	-0.57366210	-0.13562696
00000777	-0.08766238	-0.75700349	0.73880523	2.22150826	-10.69774818	1.76258826	0.29568750	-0.54328126	-0.12704296
00000778	2.66782141	-1.60910404	-0.40579915	1.49059129	-13.24157906	-1.04245532	0.24759375	-0.54506838	-0.16309570
00000779	3.73319674	-0.68931484	0.06103077	2.40363836	-10.34786701	1.48699665	0.24581251	-0.56472659	-0.22318360
00000780	4.01959753	-1.80662179	-0.98903137	5.33689165	-4.91391850	3.39217353	0.24581251	-0.62191409	-0.32275781
00000781	4.74353361	0.21005683	-0.00332895	4.21894836	-6.61779404	3.04588675	0.25471875	-0.61297852	-0.39314649
00000782	5.90644693	-2.41792822	-0.36962456	2.85177422	-5.10683298	6.50516081	0.24581251	-0.57902342	-0.52190626
00000783	5.75464678	-0.39914125	0.07601105	4.53048658	0.62307674	9.03700924	0.27253124	-0.53077149	-0.64379883
00000784	4.16318655	-0.90725017	0.05082199	5.92761660	2.28860879	7.47332621	0.28143752	-0.41460937	-0.76569140
00000785	3.56386423	-0.56503397	0.18242653	4.72340107	1.62239599	7.85915422	0.32240626	-0.40567383	-0.80861133
00000786	3.23274446	-0.22903185	-0.20839235	5.36085653	4.68625593	8.66555977	0.31171876	-0.27342772	-0.84294724
00000787	3.11090493	-0.59321910	-0.55682260	5.86051607	4.08235073	5.17393351	0.35446876	-0.20909180	-0.84294724
00000788	2.05129981	-0.73669690	0.09964661	5.89526463	5.72990942	4.77971745	0.35981250	-0.13224609	-0.86869925
00000789	2.77745485	-0.62362355	-0.91213262	5.61727619	7.83039713	5.22425890	0.36337501	-0.08935547	-0.84466410
00000790	3.21765327	-0.82269478	-0.96450812	4.46817923	6.30146265	3.74325323	0.39899999	-0.00714844	-0.84466410
00000791	0.54184228	-0.69896877	-0.14780544	4.76174402	8.56970119	2.95122695	0.36693749	0.04289063	-0.81032813
00000792	2.85612917	-0.25810468	-1.22372246	3.73726225	8.62481976	3.75643373	0.42037499	0.05361328	-0.78972656
00000793	-0.69042450	-0.18198267	-0.17421511	5.39440680	10.21726036	-0.08387572	0.38831249	0.08578125	-0.75195706
00000794	-1.25756681	0.29738632	0.51787382	5.52860785	9.55943489	0.48288447	0.40790626	0.08756836	-0.77770901
00000795	-2.83915162	0.52419883	0.03628557	4.18659639	8.56490898	2.96560550	0.40078124	0.06254883	-0.78114259
00000796	-4.11147690	0.81015575	-0.21538314	4.95705462	10.17891693	4.57242489	0.37940624	-0.01250977	-0.82577932
00000797	-5.87071657	1.30406117	0.55826509	3.80915570	3.93496919	4.24171448	0.37228125	-0.10901367	-0.86698240
00000798	-4.95747423	1.04651129	-0.18231556	5.83535337	8.98428726	8.89801502	0.32775000	-0.23232423	-0.84466410
00000799	-6.07622385	1.10254860	0.19063795	3.76721787	0.20489639	6.76397705	0.31706250	-0.35384765	-0.83092970
00000800	-5.99322176	1.04173982	0.55759931	4.78930330	0.96337247	8.31088543	0.28500000	-0.48966798	-0.73135549
00000801	-3.42316055	0.57135898	-0.08100448	3.09261751	-4.06797218	7.79564857	0.26540625	-0.54149413	-0.62663084
00000802	-4.29978418	0.95374453	0.00821141	3.96013188	-1.84406745	8.79976082	0.24046876	-0.58081055	-0.53049022
00000803	-3.24406290	0.49102029	1.09078634	1.78415632	-9.16282272	5.29375601	0.25828126	-0.60940433	-0.45495117
00000804	-4.00805712	0.54284096	-0.10985539	4.42983580	-1.24615347	8.80455399	0.24046876	-0.62012696	-0.35537696
00000805	-2.70732498	0.28151831	1.27720761	-0.02156804	-12.90967083	2.96800208	0.28321874	-0.62370116	-0.28670508
00000806	-3.47742248	-0.10896767	1.23770404	3.30230665	-7.54881430	2.09329820	0.24759375	-0.58795899	-0.22146679
00000807	-0.60697877	-0.64781392	-0.03107021	1.65235162	-9.72478962	3.01712918	0.22443751	-0.54685545	-0.17854688
00000808	-1.92746270	-0.33733371	0.81648076	1.68949652	-10.78881359	0.70215952	0.21018749	-0.54328126	-0.13047656
00000809	-0.48846811	-0.54938793	0.10208784	2.88412642	-9.90572166	0.38702652	0.20662500	-0.50039065	-0.15451172
00000810	0.60464853	-0.86630404	-0.19707391	1.76498473	-10.75286674	0.54758859	0.15318750	-0.51826173	-0.11330859
00000811	3.74229598	-0.52830458	-0.89215893	-0.53320992	-12.05533695	2.35810590	0.16209376	-0.50932616	-0.18026367
00000812	4.65132141	-1.14771140	-1.13428462	1.83328342	-11.69107628	-2.14002895	0.16743751	-0.56115234	-0.22661719
00000813	6.12438250	-1.36797702	-1.50746012	2.22749925	-4.17701054	7.61471653	0.19771875	-0.58795899	-0.37941211
00000814	4.86393070	-1.06859338	-0.49090934	4.82165527	-5.36564922	2.08251405	0.24759375	-0.59510744	-0.49272069
00000815	6.52285814	-2.19599819	-1.63906455	2.55101991	-0.95738137	10.19808865	0.25293750	-0.53970706	-0.65238279
00000816	4.68094921	-0.73192543	-0.37051228	5.50224686	-0.69976312	5.10922909	0.30993751	-0.49324220	-0.75539064
00000817	4.84040594	-1.61476326	-1.16457808	5.24223232	4.58440685	9.28743839	0.33131251	-0.35027343	-0.82749611
00000818	5.33164835	-1.30261862	-0.78241450	4.69104910	1.58165634	4.59519100	0.39365625	-0.28057617	-0.83608007
00000819	4.04778290	-1.60910404	-0.73070478	6.49437666	7.21211338	4.42264652	0.39721876	-0.15905273	-0.85668164
00000820	4.87780142	-1.24780190	-1.50501883	5.02056074	6.93652153	2.34492540	0.44531250	-0.07505859	-0.83436328
00000821	1.54052770	-0.87584704	-0.32279730	5.04572344	6.62378502	0.67699683	0.47737500	0.04646485	-0.76225781
00000822	2.62898374	-0.41179127	-2.04841471	4.79529428	10.35505581	2.19874191	0.47915626	0.06969727	-0.76740819
00000823	1.26389182	-0.23946255	-1.16491103	4.02243948	5.64723206	-3.33945155	0.48271877	0.11973633	-0.71590430
00000824	-0.42876890	0.00410571	-1.61642778	5.23384476	11.71264458	0.57634598	0.47025001	0.15726563	-0.70045310
00000825	-5.64112997	-0.36496401	-2.08436728	1.60921550	14.31159306	6.80351877	0.41859376	0.12331055	-0.71590430
00000826	-5.58509254	0.08910493	-1.56727028	3.02312040	8.47863674	1.12273633	0.39187500	0.03574219	-0.81376171
00000827	-6.75144577	-0.98980814	-0.05237550	3.34544277	11.80490780	4.91272020	0.43640625	-0.12331055	-0.84981447
00000828	-5.59996176	-1.02176607	-1.14116442	3.33346057	8.67873955	8.45227528	0.44174999	-0.25019532	-0.84466410
00000829	-7.06913900	-1.15925181	0.29039550	3.85348988	6.52433252	7.85555983	0.47381249	-0.38958985	-0.79659379
00000830	-6.05569506	-0.97638136	0.35286883	4.67187738	3.19806123	8.34323692	0.48271877	-0.48073244	-0.70560354
00000831	-7.18787146	-0.77731013	2.38597035	5.07567883	-2.00103498	2.85776544	0.50943750	-0.60761720	-0.52877343
00000832	-3.21887398	-0.91457385	0.76399428	4.88635969	-3.44729185	6.79273462	0.46490625	-0.64872068	-0.39658007
00000833	-4.87402821	-1.10876274	2.73495531	3.51079774	-6.60461330	2.29220343	0.43462500	-0.62906253	-0.28498828
00000834	-1.48116136	-0.64448494	1.85500252	3.27235103	-6.84425831	4.20097494	0.39187500	-0.62548828	-0.20601563
00000835	-2.09013748	-1.86143851	3.40152240	2.28501415	-8.14073753	-0.06110945	0.31528124	-0.58795899	-0.18026367
00000836	3.03045535	-1.93256712	3.03167582	-3.12496948	-15.25100136	2.34971833	0.25115624	-0.56293947	-0.16996290
00000837	6.38614893	-2.29042935	-0.64581650	0.23485200	-10.52041149	3.29511738	0.17100000	-0.57544923	-0.31932423
00000838	7.13416433	-2.74438739	-0.84355623	3.22322392	-3.17050195	6.65374041	0.16743751	-0.58617187	-0.44293359
00000839	5.43773079	-2.53544021	-0.31602845	4.25968790	-1.57925987	8.40554523	0.23156250	-0.53255862	-0.66611719
00000840	7.06048346	-2.62687540	-1.48992765	4.28724718	0.63745540	7.46733522	0.26362500	-0.43962890	-0.73478907
00000841	3.84271932	-2.11144280	0.27985382	5.38242435	3.65458465	8.01971626	0.32418752	-0.31453127	-0.85153127
00000842	6.09775066	-2.35711932	-2.68546486	5.91922903	6.41888857	4.06557560	0.39187500	-0.20373046	-0.84809768
00000843	2.80441952	-1.32869542	0.11706812	5.26020575	6.07739449	4.42624140	0.44531250	-0.08578125	-0.81719530
00000844	4.20679569	-2.11221957	-2.88187313	5.99591541	10.76245213	0.96217424	0.49518749	0.01072266	-0.78972656
00000845	1.44787180	-0.70451707	-1.03685737	3.30110836	6.64415503	0.93461508	0.50231248	0.06076172	-0.73478907
00000846	0.41267899	-1.59057283	-1.99071288	4.98221731	12.77307320	0.51403832	0.50765628	0.08756836	-0.74337304
00000847	-2.73673081	-0.97848970	-1.33224630	1.72304678	11.58084011	3.90860820	0.49518749	0.08935547	-0.72105467
00000848	-5.73567200	-2.03276849	0.23746519	4.18419981	12.24345779	-0.34748510	0.50053126	0.03395508	-0.76740819
00000849	-4.77981901	-0.50444710	-0.45606631	1.90757334	9.86857700	5.14158106	0.52724999	-0.05718750	-0.79316014
00000850	-6.87927771	-1.15525699	1.67679274	4.80008745	8.12995338	1.49897885	0.56465626	-0.19479492	-0.79831058
00000851	-6.08310366	-0.96273267	1.09145212	3.97930360	5.64723206	5.47109318	0.60562503	-0.32525390	-0.78285939
00000852	-4.97700405	-0.65868849	1.61975670	4.88516140	3.32866764	6.97486496	0.59493750	-0.46822265	-0.69015235
00000853	-5.35262060	-0.81126541	2.65583730	6.16845989	-0.76926011	3.72048712	0.57534373	-0.50217772	-0.62663084
00000854	-2.64851356	-0.47892511	1.15425837	6.20680285	-1.76019180	6.21638870	0.52903128	-0.62370116	-0.47898632
00000855	-1.62452817	0.35397848	1.68689048	4.10631514	-6.07260180	6.46681738	0.50231248	-0.63978517	-0.40859765
00000856	-2.05928922	-0.56603265	2.88864183	4.44780922	-5.93480587	5.48187685	0.48628125	-0.63084960	-0.37254491
00000857	2.09213495	-0.83634353	0.75522804	4.55325317	-6.98684692	6.12771988	0.41146874	-0.67374027	-0.33477539
00000858	0.77597851	-1.37774193	2.69678330	3.84390426	-7.79804516	5.37044239	0.37762499	-0.65765625	-0.38799611
00000859	6.40778732	-2.43401814	-0.39670002	4.11829758	-5.59810495	6.84665489	0.31706250	-0.64693362	-0.42576563
00000860	2.81706953	-1.10487890	1.34711564	7.28041220	-0.17494078	7.45655107	0.38118750	-0.57187498	-0.60087889
00000861	3.57529354	-1.52499259	0.56581074	7.84357738	-3.77560544	5.93360758	0.32062501	-0.53970706	-0.64551562
00000862	3.53490233	-2.72241640	-0.62950468	5.72511673	0.23245555	9.27905083	0.35803124	-0.48073244	-0.74680662
00000863	0.50511289	0.01520221	0.84854966	7.77527857	2.62770629	7.89270449	0.41859376	-0.41997072	-0.75710744
00000864	0.64437401	-0.83001852	-0.48358566	7.10906601	-1.18144929	5.89885902	0.40612501	-0.44320312	-0.74852347
00000865	-2.25913715	1.08301878	0.48358566	8.97230530	3.09501386	6.30146265	0.40256250	-0.41103515	-0.76912498
00000866	-2.09035945	1.34389758	-0.20240024	7.81721640	-1.11434877	5.66280890	0.38653126	-0.45928711	-0.71933788
00000867	-3.70667624	1.79086483	1.24103296	6.21758699	-2.13403773	6.62498331	0.39543751	-0.49681640	-0.71762109
00000868	-0.20273313	0.99402481	-0.69475210	5.71672916	-2.27782464	8.30369568	0.30815625	-0.56293947	-0.65066600
00000869	-2.05928922	0.93388176	0.88195014	5.17393351	-3.81514668	7.14860725	0.33309376	-0.58081055	-0.64379883
00000870	-0.03373337	0.17665635	-0.44108602	5.55257225	-2.69001389	8.05446529	0.31350002	-0.58617187	-0.63178128
00000871	-0.17288353	0.09631766	0.17854275	4.69584179	-4.76294231	7.21211338	0.32062501	-0.57902342	-0.59744531
00000872	0.05759086	0.23158404	0.09820406	5.95996857	-2.28980708	7.41341496	0.31706250	-0.58974612	-0.61804688
00000873	0.05071102	0.23191693	-0.11562558	6.08937693	-2.68042827	7.22169924	0.31350002	-0.57902342	-0.59401172
00000874	-0.12217251	0.02885091	-0.02019564	5.44712830	-3.16451097	7.77527857	0.31350002	-0.55042970	-0.59057814
00000875	0.05470577	0.18375811	-0.00909913	5.81378508	-2.43359399	7.56558943	0.33131251	-0.56830078	-0.61117971
00000876	-0.03561978	0.06591323	0.05703603	5.36325264	-3.61025047	7.19294167	0.31528124	-0.58081055	-0.60259569
00000877	-0.08599791	0.08555405	0.02108336	5.33569384	-2.96680379	7.98616600	0.32240626	-0.57008791	-0.59572852
00000878	0.06147463	0.06413779	-0.10663740	5.25181818	-3.43770599	7.32474613	0.32240626	-0.56651366	-0.60602933
00000879	-0.16389537	0.12006418	0.06136367	5.48187685	-2.92726254	7.50927305	0.32062501	-0.55400389	-0.60774612
00000880	0.00310702	0.14691772	-0.05370708	5.56215811	-2.82062054	7.72135878	0.35803124	-0.60583007	-0.60602933
00000881	0.11429399	0.03961452	-0.07001894	5.56814909	-2.43119740	7.79325199	0.32418752	-0.58259767	-0.62148046
00000882	-0.14713964	0.13437866	0.17776600	5.12001324	-3.54674459	7.53922844	0.32062501	-0.55042970	-0.60087889
00000883	0.05858954	0.11151987	0.01442546	5.78982067	-1.98905265	7.92984962	0.33665624	-0.58081055	-0.63693166
00000884	0.00044386	0.01309387	0.06258428	5.24942160	-3.53835702	7.23008680	0.32775000	-0.56115234	-0.61117971
